"2015-06-16 00:00"	0.000000	-0.002062	-0.002573	-9.61e-05	9.29e-06	2.03e-06	-0.002143	-0.006383	-0.005662	-0.006380	-0.006315	-0.003529
"2015-06-17 00:00"	0.000000	-0.001938	-0.002464	-8.84e-05	1.07e-05	2.40e-06	-0.002142	-0.006324	-0.005702	-0.006427	-0.006135	-0.003555
"2015-06-18 00:00"	0.000000	-0.001860	-0.002405	-8.17e-05	9.88e-06	2.21e-06	-0.002124	-0.006190	-0.005770	-0.006506	-0.005749	-0.003599
"2015-06-19 00:00"	0.000000	-0.001706	-0.002235	-7.24e-05	8.38e-06	1.93e-06	-0.002044	-0.006005	-0.005836	-0.006583	-0.005320	-0.003641
"2015-06-20 00:00"	0.000000	-0.001571	-0.002141	-6.11e-05	8.60e-06	2.06e-06	-0.001910	-0.005752	-0.005894	-0.006652	-0.004872	-0.003677
"2015-06-21 00:00"	0.000000	-0.001531	-0.002117	-5.25e-05	8.36e-06	2.09e-06	-0.001773	-0.005555	-0.005944	-0.006712	-0.004464	-0.003708
"2015-06-22 00:00"	0.000000	-0.001502	-0.002082	-4.54e-05	9.84e-06	2.51e-06	-0.001655	-0.005467	-0.005979	-0.006732	-0.004111	-0.003725
"2015-06-23 00:00"	0.000000	-0.001478	-0.002049	-4.10e-05	1.15e-05	3.00e-06	-0.001544	-0.005402	-0.005981	-0.006732	-0.003790	-0.003725
"2015-06-24 00:00"	0.000000	-0.001461	-0.002030	-4.19e-05	8.21e-06	2.20e-06	-0.001436	-0.005303	-0.005981	-0.006732	-0.003488	-0.003725
"2015-06-25 00:00"	0.000000	-0.001397	-0.001986	-4.29e-05	8.40e-06	2.34e-06	-0.001334	-0.005222	-0.005981	-0.006731	-0.003214	-0.003725
"2015-06-26 00:00"	0.000000	-0.001378	-0.001994	-4.42e-05	1.11e-05	3.21e-06	-0.001247	-0.005279	-0.005980	-0.006730	-0.002981	-0.003724
"2015-06-27 00:00"	0.000000	-0.001372	-0.001997	-4.62e-05	1.05e-05	3.04e-06	-0.001181	-0.005394	-0.005981	-0.006732	-0.002789	-0.003725
"2015-06-28 00:00"	0.000000	-0.001370	-0.001997	-4.81e-05	1.19e-05	3.49e-06	-0.001123	-0.005439	-0.005981	-0.006732	-0.002613	-0.003725
"2015-06-29 00:00"	0.000000	-0.001378	-0.002008	-5.01e-05	1.21e-05	3.61e-06	-0.001072	-0.005394	-0.005981	-0.006731	-0.002444	-0.003725
"2015-06-30 00:00"	0.000000	-0.001391	-0.002025	-5.23e-05	1.22e-05	3.69e-06	-0.001028	-0.005311	-0.005981	-0.006732	-0.002287	-0.003725
"2015-07-01 00:00"	0.000000	-0.001395	-0.002033	-5.38e-05	1.41e-05	4.30e-06	-9.88e-04	-0.005162	-0.005981	-0.006731	-0.002137	-0.003725
"2015-07-02 00:00"	0.000000	-0.001397	-0.002040	-5.52e-05	1.33e-05	4.11e-06	-9.49e-04	-0.004950	-0.005981	-0.006732	-0.001993	-0.003726
"2015-07-03 00:00"	0.000000	-0.001401	-0.002044	-5.65e-05	1.37e-05	4.32e-06	-9.11e-04	-0.004708	-0.005981	-0.006732	-0.001854	-0.003726
"2015-07-04 00:00"	0.000000	-0.001401	-0.002043	-5.73e-05	1.47e-05	4.68e-06	-8.73e-04	-0.004466	-0.005981	-0.006730	-0.001722	-0.003726
"2015-07-05 00:00"	0.000000	-0.001398	-0.002037	-5.81e-05	8.54e-06	2.81e-06	-8.35e-04	-0.004228	-0.005981	-0.006728	-0.001596	-0.003726
"2015-07-06 00:00"	0.000000	-0.001385	-0.002031	-5.49e-05	1.06e-05	3.56e-06	-8.00e-04	-0.004026	-0.005981	-0.006730	-0.001481	-0.003725
"2015-07-07 00:00"	0.000000	-0.001393	-0.002034	-5.27e-05	1.00e-05	3.36e-06	-7.69e-04	-0.003863	-0.005982	-0.006731	-0.001378	-0.003726
"2015-07-08 00:00"	0.000000	-0.001399	-0.002036	-5.22e-05	1.11e-05	3.76e-06	-7.38e-04	-0.003709	-0.005982	-0.006729	-0.001280	-0.003726
"2015-07-09 00:00"	0.000000	-0.001410	-0.002046	-5.36e-05	9.69e-06	3.33e-06	-7.08e-04	-0.003566	-0.005982	-0.006727	-0.001189	-0.003726
"2015-07-10 00:00"	0.000000	-0.001418	-0.002049	-5.41e-05	1.25e-05	4.31e-06	-6.78e-04	-0.003431	-0.005982	-0.006720	-0.001102	-0.003726
"2015-07-11 00:00"	0.000000	-0.001434	-0.002064	-5.61e-05	1.11e-05	3.87e-06	-6.48e-04	-0.003303	-0.005981	-0.006710	-0.001021	-0.003726
"2015-07-12 00:00"	0.000000	-0.001447	-0.002075	-5.69e-05	9.79e-06	3.46e-06	-6.24e-04	-0.003206	-0.005982	-0.006702	-9.50e-04	-0.003726
"2015-07-13 00:00"	0.000000	-0.001446	-0.002069	-5.60e-05	8.14e-06	2.91e-06	-6.01e-04	-0.003119	-0.005982	-0.006691	-8.84e-04	-0.003727
"2015-07-14 00:00"	0.000000	-0.001403	-0.002013	-5.21e-05	1.30e-05	4.66e-06	-5.80e-04	-0.003040	-0.005981	-0.006677	-8.22e-04	-0.003727
"2015-07-15 00:00"	0.000000	-0.001400	-0.002003	-5.22e-05	1.30e-05	4.71e-06	-5.60e-04	-0.002955	-0.005981	-0.006654	-7.62e-04	-0.003727
"2015-07-16 00:00"	0.000000	-0.001405	-0.002007	-5.36e-05	1.04e-05	3.80e-06	-5.40e-04	-0.002864	-0.005982	-0.006633	-7.04e-04	-0.003727
"2015-07-17 00:00"	0.000000	-0.001412	-0.002010	-5.47e-05	9.05e-06	3.33e-06	-5.22e-04	-0.002778	-0.005981	-0.006611	-6.50e-04	-0.003727
"2015-07-18 00:00"	0.000000	-0.001408	-0.001997	-5.33e-05	1.19e-05	4.41e-06	-5.05e-04	-0.002701	-0.005981	-0.006585	-5.99e-04	-0.003727
"2015-07-19 00:00"	0.000000	-0.001410	-0.001995	-5.36e-05	8.77e-06	3.26e-06	-4.90e-04	-0.002625	-0.005982	-0.006558	-5.52e-04	-0.003727
"2015-07-20 00:00"	0.000000	-0.001402	-0.001978	-5.23e-05	9.69e-06	3.62e-06	-4.76e-04	-0.002554	-0.005982	-0.006533	-5.07e-04	-0.003727
"2015-07-21 00:00"	0.000000	-0.001408	-0.001979	-5.14e-05	1.49e-05	5.57e-06	-4.62e-04	-0.002486	-0.005981	-0.006506	-4.66e-04	-0.003727
"2015-07-22 00:00"	0.000000	-0.001419	-0.001990	-5.30e-05	9.87e-06	3.74e-06	-4.50e-04	-0.002418	-0.005982	-0.006477	-4.26e-04	-0.003727
"2015-07-23 00:00"	0.000000	-0.001436	-0.002007	-5.44e-05	9.34e-06	3.54e-06	-4.37e-04	-0.002352	-0.005982	-0.006449	-3.88e-04	-0.003727
"2015-07-24 00:00"	0.000000	-0.001444	-0.002017	-5.34e-05	1.00e-05	3.81e-06	-4.26e-04	-0.002297	-0.005982	-0.006423	-3.53e-04	-0.003727
"2015-07-25 00:00"	0.000000	-0.001452	-0.002025	-5.33e-05	9.88e-06	3.82e-06	-4.17e-04	-0.002247	-0.005981	-0.006394	-3.21e-04	-0.003726
"2015-07-26 00:00"	0.000000	-0.001434	-0.001996	-5.31e-05	9.49e-06	3.63e-06	-4.11e-04	-0.002211	-0.005981	-0.006270	-2.93e-04	-0.003727
"2015-07-27 00:00"	0.000000	-0.001421	-0.001977	-5.27e-05	1.25e-05	4.77e-06	-4.05e-04	-0.002172	-0.005981	-0.005897	-2.66e-04	-0.003727
"2015-07-28 00:00"	0.000000	-0.001420	-0.001971	-5.39e-05	8.56e-06	3.30e-06	-4.00e-04	-0.002129	-0.005982	-0.005499	-2.40e-04	-0.003727
"2015-07-29 00:00"	0.000000	-0.001371	-0.001899	-5.11e-05	7.61e-06	2.92e-06	-3.94e-04	-0.002081	-0.005983	-0.005144	-2.14e-04	-0.003727
"2015-07-30 00:00"	0.000000	-0.001295	-0.001791	-4.58e-05	7.37e-06	2.82e-06	-3.88e-04	-0.002032	-0.005983	-0.004844	-1.88e-04	-0.003727
"2015-07-31 00:00"	0.000000	-0.001230	-0.001708	-4.03e-05	7.39e-06	2.81e-06	-3.82e-04	-0.001984	-0.005983	-0.004594	-1.64e-04	-0.003727
"2015-08-01 00:00"	0.000000	-0.001225	-0.001710	-3.56e-05	8.62e-06	3.28e-06	-3.76e-04	-0.001938	-0.005982	-0.004388	-1.41e-04	-0.003727
"2015-08-02 00:00"	0.000000	-0.001256	-0.001746	-3.22e-05	9.18e-06	3.47e-06	-3.69e-04	-0.001894	-0.005982	-0.004217	-1.19e-04	-0.003727
"2015-08-03 00:00"	0.000000	-0.001272	-0.001779	-3.00e-05	8.21e-06	3.10e-06	-3.62e-04	-0.001853	-0.005982	-0.004074	-9.81e-05	-0.003727
"2015-08-04 00:00"	0.000000	-0.001264	-0.001801	-2.87e-05	8.61e-06	3.24e-06	-3.55e-04	-0.001813	-0.005982	-0.003952	-7.85e-05	-0.003727
"2015-08-05 00:00"	0.000000	-0.001247	-0.001818	-2.83e-05	8.81e-06	3.31e-06	-3.48e-04	-0.001773	-0.005982	-0.003845	-6.00e-05	-0.003727
"2015-08-06 00:00"	0.000000	-0.001215	-0.001818	-2.94e-05	7.45e-06	2.78e-06	-3.41e-04	-0.001734	-0.005983	-0.003750	-4.24e-05	-0.003728
"2015-08-07 00:00"	0.000000	-0.001143	-0.001772	-3.06e-05	7.66e-06	2.85e-06	-3.34e-04	-0.001695	-0.005983	-0.003666	-2.57e-05	-0.003728
"2015-08-08 00:00"	0.000000	-0.001084	-0.001745	-3.25e-05	9.88e-06	3.66e-06	-3.27e-04	-0.001657	-0.005982	-0.003591	-9.99e-06	-0.003727
"2015-08-09 00:00"	0.000000	-0.001090	-0.001737	-3.59e-05	9.78e-06	3.62e-06	-3.20e-04	-0.001618	-0.005982	-0.003521	-1.96e-07	-0.003727
"2015-08-10 00:00"	0.000000	-0.001111	-0.001725	-3.93e-05	1.07e-05	3.95e-06	-3.14e-04	-0.001580	-0.005982	-0.003454	0.000000	-0.003727
"2015-08-11 00:00"	0.000000	-0.001133	-0.001718	-4.23e-05	1.10e-05	4.06e-06	-3.07e-04	-0.001541	-0.005982	-0.003389	0.000000	-0.003727
"2015-08-12 00:00"	0.000000	-0.001151	-0.001707	-4.49e-05	7.49e-06	2.76e-06	-3.01e-04	-0.001502	-0.005980	-0.003325	0.000000	-0.003725
"2015-08-13 00:00"	0.000000	-0.001157	-0.001658	-4.47e-05	7.27e-06	2.66e-06	-2.95e-04	-0.001463	-0.005980	-0.003262	0.000000	-0.003723
"2015-08-14 00:00"	0.000000	-0.001142	-0.001576	-4.26e-05	8.78e-06	3.20e-06	-2.90e-04	-0.001424	-0.005979	-0.003203	0.000000	-0.003722
"2015-08-15 00:00"	0.000000	-0.001155	-0.001553	-4.15e-05	7.13e-06	2.59e-06	-2.85e-04	-0.001387	-0.005979	-0.003149	0.000000	-0.003721
"2015-08-16 00:00"	0.000000	-0.001167	-0.001522	-4.02e-05	8.28e-06	3.00e-06	-2.80e-04	-0.001351	-0.005978	-0.003099	0.000000	-0.003719
"2015-08-17 00:00"	0.000000	-0.001180	-0.001511	-3.91e-05	7.12e-06	2.57e-06	-2.75e-04	-0.001316	-0.005976	-0.003050	0.000000	-0.003718
"2015-08-18 00:00"	0.000000	-0.001167	-0.001459	-3.75e-05	7.06e-06	2.54e-06	-2.71e-04	-0.001283	-0.005975	-0.003005	0.000000	-0.003716
"2015-08-19 00:00"	0.000000	-0.001173	-0.001403	-3.57e-05	1.09e-05	3.92e-06	-2.67e-04	-0.001251	-0.005972	-0.002963	0.000000	-0.003714
"2015-08-20 00:00"	0.000000	-0.001197	-0.001404	-3.75e-05	8.67e-06	3.12e-06	-2.63e-04	-0.001222	-0.005968	-0.002925	0.000000	-0.003711
"2015-08-21 00:00"	0.000000	-0.001215	-0.001415	-4.04e-05	9.31e-06	3.32e-06	-2.60e-04	-0.001193	-0.005965	-0.002888	0.000000	-0.003709
"2015-08-22 00:00"	0.000000	-0.001231	-0.001424	-4.29e-05	9.10e-06	3.26e-06	-2.58e-04	-0.001167	-0.005961	-0.002853	0.000000	-0.003706
"2015-08-23 00:00"	0.000000	-0.001245	-0.001433	-4.50e-05	1.16e-05	4.15e-06	-2.55e-04	-0.001141	-0.005955	-0.002817	0.000000	-0.003702
"2015-08-24 00:00"	0.000000	-0.001261	-0.001449	-4.70e-05	9.32e-06	3.32e-06	-2.53e-04	-0.001117	-0.005949	-0.002778	0.000000	-0.003698
"2015-08-25 00:00"	0.000000	-0.001268	-0.001460	-4.83e-05	7.22e-06	2.57e-06	-2.51e-04	-0.001093	-0.005943	-0.002738	0.000000	-0.003693
"2015-08-26 00:00"	0.000000	-0.001236	-0.001420	-4.63e-05	7.09e-06	2.51e-06	-2.50e-04	-0.001071	-0.005937	-0.002698	0.000000	-0.003689
"2015-08-27 00:00"	0.000000	-0.001193	-0.001357	-4.24e-05	7.63e-06	2.70e-06	-2.48e-04	-0.001050	-0.005930	-0.002658	0.000000	-0.003684
"2015-08-28 00:00"	0.000000	-0.001202	-0.001357	-3.91e-05	9.03e-06	3.21e-06	-2.47e-04	-0.001031	-0.005923	-0.002620	0.000000	-0.003679
"2015-08-29 00:00"	0.000000	-0.001227	-0.001376	-3.72e-05	7.68e-06	2.71e-06	-2.46e-04	-0.001013	-0.005916	-0.002581	0.000000	-0.003674
"2015-08-30 00:00"	0.000000	-0.001247	-0.001379	-3.57e-05	7.50e-06	2.65e-06	-2.45e-04	-9.97e-04	-0.005911	-0.002546	0.000000	-0.003670
"2015-08-31 00:00"	0.000000	-0.001262	-0.001376	-3.43e-05	7.95e-06	2.81e-06	-2.45e-04	-9.84e-04	-0.005906	-0.002515	0.000000	-0.003666
"2015-09-01 00:00"	0.000000	-0.001274	-0.001373	-3.36e-05	7.54e-06	2.66e-06	-2.44e-04	-9.74e-04	-0.005901	-0.002488	0.000000	-0.003661
"2015-09-02 00:00"	0.000000	-0.001287	-0.001365	-3.33e-05	8.43e-06	2.97e-06	-2.45e-04	-9.66e-04	-0.005897	-0.002465	0.000000	-0.003657
"2015-09-03 00:00"	0.000000	-0.001306	-0.001367	-3.42e-05	1.16e-05	4.12e-06	-2.46e-04	-9.63e-04	-0.005890	-0.002450	0.000000	-0.003651
"2015-09-04 00:00"	0.000000	-0.001319	-0.001376	-3.75e-05	9.03e-06	3.21e-06	-2.50e-04	-9.61e-04	-0.005881	-0.002432	0.000000	-0.003644
"2015-09-05 00:00"	0.000000	-0.001326	-0.001376	-4.04e-05	7.34e-06	2.60e-06	-2.53e-04	-9.60e-04	-0.005871	-0.002412	0.000000	-0.003635
"2015-09-06 00:00"	0.000000	-0.001322	-0.001357	-4.16e-05	8.59e-06	3.04e-06	-2.58e-04	-9.59e-04	-0.005860	-0.002388	0.000000	-0.003627
"2015-09-07 00:00"	0.000000	-0.001329	-0.001356	-4.33e-05	1.14e-05	4.09e-06	-2.63e-04	-9.59e-04	-0.005850	-0.002362	0.000000	-0.003618
"2015-09-08 00:00"	0.000000	-0.001352	-0.001383	-4.59e-05	1.30e-05	4.64e-06	-2.68e-04	-9.60e-04	-0.005840	-0.002336	0.000000	-0.003609
"2015-09-09 00:00"	0.000000	-0.001368	-0.001411	-4.85e-05	1.22e-05	4.37e-06	-2.75e-04	-9.65e-04	-0.005829	-0.002315	0.000000	-0.003600
"2015-09-10 00:00"	0.000000	-0.001374	-0.001428	-5.03e-05	1.03e-05	3.70e-06	-2.81e-04	-9.69e-04	-0.005817	-0.002289	0.000000	-0.003590
"2015-09-11 00:00"	0.000000	-0.001373	-0.001436	-5.10e-05	9.86e-06	3.56e-06	-2.87e-04	-9.73e-04	-0.005803	-0.002260	0.000000	-0.003579
"2015-09-12 00:00"	0.000000	-0.001369	-0.001443	-5.13e-05	7.21e-06	2.60e-06	-2.91e-04	-9.75e-04	-0.005787	-0.002227	0.000000	-0.003566
"2015-09-13 00:00"	0.000000	-0.001324	-0.001406	-4.81e-05	7.14e-06	2.59e-06	-2.94e-04	-9.76e-04	-0.005770	-0.002189	0.000000	-0.003552
"2015-09-14 00:00"	0.000000	-0.001295	-0.001372	-4.36e-05	1.23e-05	4.46e-06	-2.95e-04	-9.75e-04	-0.005750	-0.002147	0.000000	-0.003538
"2015-09-15 00:00"	0.000000	-0.001311	-0.001393	-4.42e-05	1.26e-05	4.63e-06	-2.95e-04	-9.71e-04	-0.005730	-0.002101	0.000000	-0.003487
"2015-09-16 00:00"	0.000000	-0.001332	-0.001417	-4.64e-05	1.40e-05	5.20e-06	-2.93e-04	-9.65e-04	-0.005710	-0.002052	0.000000	-0.003296
"2015-09-17 00:00"	0.000000	-0.001357	-0.001449	-4.89e-05	1.35e-05	5.04e-06	-2.90e-04	-9.58e-04	-0.005692	-0.002002	0.000000	-0.003088
"2015-09-18 00:00"	0.000000	-0.001377	-0.001481	-5.12e-05	1.38e-05	5.22e-06	-2.86e-04	-9.50e-04	-0.005679	-0.001955	0.000000	-0.002916
"2015-09-19 00:00"	0.000000	-0.001397	-0.001514	-5.38e-05	1.42e-05	5.40e-06	-2.81e-04	-9.43e-04	-0.005665	-0.001909	0.000000	-0.002769
"2015-09-20 00:00"	0.000000	-0.001420	-0.001550	-5.62e-05	1.37e-05	5.27e-06	-2.76e-04	-9.38e-04	-0.005592	-0.001869	0.000000	-0.002648
"2015-09-21 00:00"	0.000000	-0.001440	-0.001583	-5.77e-05	1.38e-05	5.33e-06	-2.70e-04	-9.30e-04	-0.005353	-0.001828	0.000000	-0.002533
"2015-09-22 00:00"	0.000000	-0.001452	-0.001611	-5.88e-05	8.29e-06	3.22e-06	-2.63e-04	-9.22e-04	-0.005092	-0.001787	0.000000	-0.002426
"2015-09-23 00:00"	0.000000	-0.001454	-0.001627	-5.56e-05	1.24e-05	4.82e-06	-2.56e-04	-9.15e-04	-0.004901	-0.001751	0.000000	-0.002336
"2015-09-24 00:00"	0.000000	-0.001467	-0.001651	-5.63e-05	1.05e-05	4.12e-06	-2.50e-04	-9.09e-04	-0.004740	-0.001718	0.000000	-0.002257
"2015-09-25 00:00"	0.000000	-0.001473	-0.001667	-5.73e-05	1.21e-05	4.72e-06	-2.45e-04	-9.09e-04	-0.004687	-0.001696	0.000000	-0.002203
"2015-09-26 00:00"	0.000000	-0.001479	-0.001684	-5.83e-05	1.23e-05	4.82e-06	-2.41e-04	-9.09e-04	-0.004639	-0.001677	0.000000	-0.002154
"2015-09-27 00:00"	0.000000	-0.001492	-0.001709	-5.92e-05	1.34e-05	5.23e-06	-2.39e-04	-9.11e-04	-0.004643	-0.001662	0.000000	-0.002116
"2015-09-28 00:00"	0.000000	-0.001497	-0.001725	-6.01e-05	1.29e-05	5.06e-06	-2.39e-04	-9.15e-04	-0.004671	-0.001651	0.000000	-0.002084
"2015-09-29 00:00"	0.000000	-0.001497	-0.001735	-6.05e-05	1.26e-05	4.95e-06	-2.39e-04	-9.17e-04	-0.004643	-0.001638	0.000000	-0.002046
"2015-09-30 00:00"	0.000000	-0.001491	-0.001738	-6.06e-05	1.44e-05	5.67e-06	-2.38e-04	-9.17e-04	-0.004583	-0.001623	0.000000	-0.002005
"2015-10-01 00:00"	0.000000	-0.001485	-0.001739	-6.07e-05	1.34e-05	5.29e-06	-2.37e-04	-9.13e-04	-0.004487	-0.001604	0.000000	-0.001958
"2015-10-02 00:00"	0.000000	-0.001494	-0.001756	-6.18e-05	1.24e-05	4.91e-06	-2.36e-04	-9.06e-04	-0.004381	-0.001583	0.000000	-0.001908
"2015-10-03 00:00"	0.000000	-0.001505	-0.001776	-6.24e-05	9.65e-06	3.83e-06	-2.34e-04	-8.98e-04	-0.004283	-0.001561	0.000000	-0.001858
"2015-10-04 00:00"	0.000000	-0.001510	-0.001789	-6.25e-05	1.02e-05	4.07e-06	-2.31e-04	-8.89e-04	-0.004188	-0.001537	0.000000	-0.001808
"2015-10-05 00:00"	0.000000	-0.001511	-0.001797	-6.25e-05	8.20e-06	3.23e-06	-2.28e-04	-8.79e-04	-0.004120	-0.001515	0.000000	-0.001763
"2015-10-06 00:00"	0.000000	-0.001465	-0.001743	-5.82e-05	1.08e-05	4.20e-06	-2.25e-04	-8.72e-04	-0.004100	-0.001497	0.000000	-0.001727
"2015-10-07 00:00"	0.000000	-0.001453	-0.001724	-5.71e-05	7.83e-06	3.05e-06	-2.22e-04	-8.65e-04	-0.004091	-0.001480	0.000000	-0.001693
"2015-10-08 00:00"	0.000000	-0.001437	-0.001695	-5.45e-05	1.07e-05	4.12e-06	-2.18e-04	-8.57e-04	-0.004085	-0.001463	0.000000	-0.001658
"2015-10-09 00:00"	0.000000	-0.001435	-0.001687	-5.45e-05	1.23e-05	4.72e-06	-2.14e-04	-8.47e-04	-0.004070	-0.001444	0.000000	-0.001623
"2015-10-10 00:00"	0.000000	-0.001436	-0.001685	-5.58e-05	1.32e-05	5.02e-06	-2.09e-04	-8.35e-04	-0.004046	-0.001422	0.000000	-0.001587
"2015-10-11 00:00"	0.000000	-0.001439	-0.001686	-5.70e-05	1.09e-05	4.17e-06	-2.04e-04	-8.23e-04	-0.004020	-0.001400	0.000000	-0.001551
"2015-10-12 00:00"	0.000000	-0.001436	-0.001680	-5.71e-05	1.21e-05	4.56e-06	-1.99e-04	-8.10e-04	-0.004002	-0.001378	0.000000	-0.001516
"2015-10-13 00:00"	0.000000	-0.001443	-0.001686	-5.80e-05	1.29e-05	4.85e-06	-1.94e-04	-7.97e-04	-0.003989	-0.001356	0.000000	-0.001483
"2015-10-14 00:00"	0.000000	-0.001453	-0.001699	-5.91e-05	1.09e-05	4.09e-06	-1.89e-04	-7.85e-04	-0.003985	-0.001334	0.000000	-0.001452
"2015-10-15 00:00"	0.000000	-0.001463	-0.001714	-6.01e-05	1.46e-05	5.45e-06	-1.86e-04	-7.77e-04	-0.004068	-0.001320	0.000000	-0.001430
"2015-10-16 00:00"	0.000000	-0.001478	-0.001735	-6.21e-05	1.26e-05	4.71e-06	-1.86e-04	-7.75e-04	-0.004211	-0.001314	0.000000	-0.001419
"2015-10-17 00:00"	0.000000	-0.001486	-0.001749	-6.19e-05	8.09e-06	3.00e-06	-1.88e-04	-7.77e-04	-0.004351	-0.001314	0.000000	-0.001414
"2015-10-18 00:00"	0.000000	-0.001456	-0.001715	-5.74e-05	9.46e-06	3.47e-06	-1.91e-04	-7.80e-04	-0.004466	-0.001313	0.000000	-0.001409
"2015-10-19 00:00"	0.000000	-0.001442	-0.001689	-5.46e-05	7.65e-06	2.81e-06	-1.95e-04	-7.82e-04	-0.004534	-0.001311	0.000000	-0.001402
"2015-10-20 00:00"	0.000000	-0.001419	-0.001636	-5.15e-05	1.20e-05	4.35e-06	-1.99e-04	-7.84e-04	-0.004574	-0.001308	0.000000	-0.001393
"2015-10-21 00:00"	0.000000	-0.001422	-0.001631	-5.22e-05	1.23e-05	4.45e-06	-2.04e-04	-7.85e-04	-0.004568	-0.001302	0.000000	-0.001382
"2015-10-22 00:00"	0.000000	-0.001437	-0.001648	-5.43e-05	1.54e-05	5.49e-06	-2.08e-04	-7.85e-04	-0.004538	-0.001296	0.000000	-0.001369
"2015-10-23 00:00"	0.000000	-0.001447	-0.001662	-5.65e-05	9.67e-06	3.46e-06	-2.12e-04	-7.84e-04	-0.004466	-0.001286	0.000000	-0.001353
"2015-10-24 00:00"	0.000000	-0.001439	-0.001651	-5.64e-05	1.18e-05	4.19e-06	-2.15e-04	-7.82e-04	-0.004378	-0.001273	0.000000	-0.001333
"2015-10-25 00:00"	0.000000	-0.001449	-0.001665	-5.75e-05	1.38e-05	4.92e-06	-2.17e-04	-7.80e-04	-0.004288	-0.001259	0.000000	-0.001312
"2015-10-26 00:00"	0.000000	-0.001467	-0.001691	-5.95e-05	1.14e-05	4.07e-06	-2.19e-04	-7.77e-04	-0.004198	-0.001243	0.000000	-0.001289
"2015-10-27 00:00"	0.000000	-0.001476	-0.001707	-6.03e-05	1.49e-05	5.30e-06	-2.20e-04	-7.73e-04	-0.004114	-0.001226	0.000000	-0.001266
"2015-10-28 00:00"	0.000000	-0.001487	-0.001725	-6.16e-05	1.24e-05	4.45e-06	-2.21e-04	-7.69e-04	-0.004029	-0.001207	0.000000	-0.001240
"2015-10-29 00:00"	0.000000	-0.001485	-0.001732	-6.19e-05	1.26e-05	4.50e-06	-2.20e-04	-7.65e-04	-0.003945	-0.001187	0.000000	-0.001214
"2015-10-30 00:00"	0.000000	-0.001490	-0.001744	-6.26e-05	1.34e-05	4.84e-06	-2.19e-04	-7.61e-04	-0.003865	-0.001165	0.000000	-0.001187
"2015-10-31 00:00"	0.000000	-0.001492	-0.001753	-6.29e-05	1.46e-05	5.25e-06	-2.18e-04	-7.57e-04	-0.003789	-0.001142	0.000000	-0.001159
"2015-11-01 00:00"	0.000000	-0.001497	-0.001767	-6.35e-05	1.12e-05	4.08e-06	-2.16e-04	-7.52e-04	-0.003715	-0.001118	0.000000	-0.001130
"2015-11-02 00:00"	0.000000	-0.001490	-0.001769	-6.25e-05	1.12e-05	4.05e-06	-2.14e-04	-7.47e-04	-0.003641	-0.001093	0.000000	-0.001101
"2015-11-03 00:00"	0.000000	-0.001486	-0.001771	-6.20e-05	1.15e-05	4.20e-06	-2.11e-04	-7.43e-04	-0.003572	-0.001068	0.000000	-0.001071
"2015-11-04 00:00"	0.000000	-0.001477	-0.001766	-6.16e-05	1.35e-05	4.90e-06	-2.08e-04	-7.39e-04	-0.003508	-0.001042	0.000000	-0.001041
"2015-11-05 00:00"	0.000000	-0.001483	-0.001775	-6.21e-05	1.28e-05	4.71e-06	-2.05e-04	-7.34e-04	-0.003444	-0.001014	0.000000	-0.001011
"2015-11-06 00:00"	0.000000	-0.001497	-0.001797	-6.33e-05	1.10e-05	4.06e-06	-2.03e-04	-7.30e-04	-0.003382	-9.87e-04	0.000000	-9.80e-04
"2015-11-07 00:00"	0.000000	-0.001481	-0.001782	-6.23e-05	1.06e-05	3.92e-06	-2.00e-04	-7.26e-04	-0.003326	-9.59e-04	0.000000	-9.50e-04
"2015-11-08 00:00"	0.000000	-0.001486	-0.001790	-6.29e-05	1.23e-05	4.57e-06	-1.98e-04	-7.27e-04	-0.003298	-9.35e-04	0.000000	-9.24e-04
"2015-11-09 00:00"	0.000000	-0.001495	-0.001804	-6.37e-05	7.62e-06	2.82e-06	-1.99e-04	-7.35e-04	-0.003315	-9.18e-04	0.000000	-9.05e-04
"2015-11-10 00:00"	0.000000	-0.001494	-0.001805	-5.96e-05	1.24e-05	4.60e-06	-2.00e-04	-7.45e-04	-0.003339	-9.02e-04	0.000000	-8.85e-04
"2015-11-11 00:00"	0.000000	-0.001491	-0.001800	-5.88e-05	1.09e-05	3.99e-06	-2.03e-04	-7.56e-04	-0.003364	-8.86e-04	0.000000	-8.66e-04
"2015-11-12 00:00"	0.000000	-0.001485	-0.001789	-5.91e-05	1.12e-05	4.11e-06	-2.06e-04	-7.68e-04	-0.003393	-8.71e-04	0.000000	-8.48e-04
"2015-11-13 00:00"	0.000000	-0.001477	-0.001778	-5.96e-05	9.99e-06	3.67e-06	-2.10e-04	-7.80e-04	-0.003419	-8.55e-04	0.000000	-8.29e-04
"2015-11-14 00:00"	0.000000	-0.001470	-0.001765	-5.92e-05	1.33e-05	4.88e-06	-2.14e-04	-7.93e-04	-0.003446	-8.40e-04	0.000000	-8.10e-04
"2015-11-15 00:00"	0.000000	-0.001473	-0.001769	-6.01e-05	1.31e-05	4.81e-06	-2.18e-04	-8.07e-04	-0.003469	-8.24e-04	0.000000	-7.91e-04
"2015-11-16 00:00"	0.000000	-0.001484	-0.001782	-6.11e-05	1.30e-05	4.80e-06	-2.21e-04	-8.20e-04	-0.003487	-8.08e-04	0.000000	-7.72e-04
"2015-11-17 00:00"	0.000000	-0.001496	-0.001798	-6.20e-05	1.35e-05	5.00e-06	-2.24e-04	-8.34e-04	-0.003510	-7.92e-04	0.000000	-7.53e-04
"2015-11-18 00:00"	0.000000	-0.001507	-0.001814	-6.30e-05	8.70e-06	3.23e-06	-2.27e-04	-8.49e-04	-0.003536	-7.77e-04	0.000000	-7.34e-04
"2015-11-19 00:00"	0.000000	-0.001480	-0.001781	-5.98e-05	1.36e-05	5.05e-06	-2.30e-04	-8.67e-04	-0.003590	-7.65e-04	0.000000	-7.18e-04
"2015-11-20 00:00"	0.000000	-0.001481	-0.001780	-5.97e-05	1.49e-05	5.57e-06	-2.33e-04	-8.85e-04	-0.003634	-7.52e-04	0.000000	-7.01e-04
"2015-11-21 00:00"	0.000000	-0.001487	-0.001788	-6.07e-05	1.40e-05	5.25e-06	-2.35e-04	-9.00e-04	-0.003657	-7.38e-04	0.000000	-6.83e-04
"2015-11-22 00:00"	0.000000	-0.001486	-0.001786	-6.12e-05	1.35e-05	5.09e-06	-2.35e-04	-9.13e-04	-0.003663	-7.23e-04	0.000000	-6.64e-04
"2015-11-23 00:00"	0.000000	-0.001495	-0.001798	-6.24e-05	1.13e-05	4.27e-06	-2.35e-04	-9.25e-04	-0.003660	-7.08e-04	0.000000	-6.44e-04
"2015-11-24 00:00"	0.000000	-0.001479	-0.001781	-6.15e-05	8.31e-06	3.12e-06	-2.34e-04	-9.35e-04	-0.003656	-6.92e-04	0.000000	-6.24e-04
"2015-11-25 00:00"	0.000000	-0.001476	-0.001775	-5.86e-05	1.21e-05	4.60e-06	-2.32e-04	-9.44e-04	-0.003653	-6.76e-04	0.000000	-6.05e-04
"2015-11-26 00:00"	0.000000	-0.001471	-0.001765	-5.83e-05	1.22e-05	4.57e-06	-2.30e-04	-9.52e-04	-0.003651	-6.60e-04	0.000000	-5.85e-04
"2015-11-27 00:00"	0.000000	-0.001477	-0.001770	-5.93e-05	1.33e-05	5.02e-06	-2.27e-04	-9.58e-04	-0.003648	-6.45e-04	0.000000	-5.65e-04
"2015-11-28 00:00"	0.000000	-0.001488	-0.001784	-6.05e-05	1.53e-05	5.79e-06	-2.24e-04	-9.62e-04	-0.003642	-6.29e-04	0.000000	-5.45e-04
"2015-11-29 00:00"	0.000000	-0.001502	-0.001802	-6.20e-05	9.22e-06	3.51e-06	-2.20e-04	-9.64e-04	-0.003628	-6.12e-04	0.000000	-5.25e-04
"2015-11-30 00:00"	0.000000	-0.001498	-0.001798	-6.04e-05	1.34e-05	5.07e-06	-2.17e-04	-9.68e-04	-0.003634	-5.98e-04	0.000000	-5.06e-04
"2015-12-01 00:00"	0.000000	-0.001489	-0.001789	-6.05e-05	1.03e-05	3.89e-06	-2.15e-04	-9.71e-04	-0.003645	-5.85e-04	0.000000	-4.88e-04
"2015-12-02 00:00"	0.000000	-0.001480	-0.001777	-6.00e-05	9.09e-06	3.45e-06	-2.12e-04	-9.73e-04	-0.003658	-5.71e-04	0.000000	-4.70e-04
"2015-12-03 00:00"	0.000000	-0.001495	-0.001794	-5.98e-05	1.19e-05	4.50e-06	-2.12e-04	-9.81e-04	-0.003757	-5.64e-04	0.000000	-4.55e-04
"2015-12-04 00:00"	0.000000	-0.001493	-0.001792	-6.03e-05	1.41e-05	5.31e-06	-2.14e-04	-9.92e-04	-0.003896	-5.59e-04	0.000000	-4.42e-04
"2015-12-05 00:00"	0.000000	-0.001490	-0.001788	-6.07e-05	1.44e-05	5.43e-06	-2.16e-04	-9.99e-04	-0.003972	-5.52e-04	0.000000	-4.29e-04
"2015-12-06 00:00"	0.000000	-0.001497	-0.001797	-6.19e-05	1.19e-05	4.52e-06	-2.17e-04	-0.001002	-0.004002	-5.45e-04	0.000000	-4.14e-04
"2015-12-07 00:00"	0.000000	-0.001512	-0.001817	-6.27e-05	1.54e-05	5.84e-06	-2.18e-04	-0.001002	-0.004011	-5.37e-04	0.000000	-3.99e-04
"2015-12-08 00:00"	0.000000	-0.001516	-0.001825	-6.34e-05	1.30e-05	4.93e-06	-2.19e-04	-1.00e-03	-0.003999	-5.29e-04	0.000000	-3.84e-04
"2015-12-09 00:00"	0.000000	-0.001513	-0.001825	-6.37e-05	1.14e-05	4.34e-06	-2.19e-04	-9.94e-04	-0.003973	-5.20e-04	0.000000	-3.69e-04
"2015-12-10 00:00"	0.000000	-0.001494	-0.001805	-6.27e-05	1.10e-05	4.18e-06	-2.18e-04	-9.88e-04	-0.003954	-5.11e-04	0.000000	-3.54e-04
"2015-12-11 00:00"	0.000000	-0.001496	-0.001810	-6.27e-05	1.26e-05	4.78e-06	-2.17e-04	-9.82e-04	-0.003949	-5.04e-04	0.000000	-3.40e-04
"2015-12-12 00:00"	0.000000	-0.001494	-0.001808	-6.29e-05	1.15e-05	4.36e-06	-2.16e-04	-9.76e-04	-0.003955	-4.98e-04	0.000000	-3.26e-04
"2015-12-13 00:00"	0.000000	-0.001484	-0.001797	-6.26e-05	1.18e-05	4.47e-06	-2.15e-04	-9.68e-04	-0.003946	-4.92e-04	0.000000	-3.12e-04
"2015-12-14 00:00"	0.000000	-0.001476	-0.001788	-6.22e-05	1.28e-05	4.87e-06	-2.13e-04	-9.58e-04	-0.003920	-4.85e-04	0.000000	-2.98e-04
"2015-12-15 00:00"	0.000000	-0.001482	-0.001797	-6.28e-05	1.36e-05	5.14e-06	-2.10e-04	-9.47e-04	-0.003894	-4.78e-04	0.000000	-2.84e-04
"2015-12-16 00:00"	0.000000	-0.001489	-0.001806	-6.36e-05	1.07e-05	4.05e-06	-2.08e-04	-9.38e-04	-0.003892	-4.74e-04	0.000000	-2.72e-04
"2015-12-17 00:00"	0.000000	-0.001490	-0.001808	-6.33e-05	1.16e-05	4.40e-06	-2.06e-04	-9.31e-04	-0.003914	-4.72e-04	0.000000	-2.60e-04
"2015-12-18 00:00"	0.000000	-0.001487	-0.001805	-6.31e-05	1.20e-05	4.52e-06	-2.05e-04	-9.23e-04	-0.003933	-4.70e-04	0.000000	-2.49e-04
"2015-12-19 00:00"	0.000000	-0.001483	-0.001800	-6.28e-05	9.64e-06	3.62e-06	-2.04e-04	-9.15e-04	-0.003946	-4.68e-04	0.000000	-2.38e-04
"2015-12-20 00:00"	0.000000	-0.001473	-0.001786	-6.17e-05	1.16e-05	4.35e-06	-2.03e-04	-9.06e-04	-0.003961	-4.67e-04	0.000000	-2.27e-04
"2015-12-21 00:00"	0.000000	-0.001468	-0.001778	-6.15e-05	1.16e-05	4.31e-06	-2.03e-04	-8.97e-04	-0.003973	-4.67e-04	0.000000	-2.16e-04
"2015-12-22 00:00"	0.000000	-0.001469	-0.001778	-6.17e-05	1.32e-05	4.92e-06	-2.04e-04	-8.88e-04	-0.003977	-4.66e-04	0.000000	-2.05e-04
"2015-12-23 00:00"	0.000000	-0.001483	-0.001795	-6.28e-05	1.33e-05	4.96e-06	-2.04e-04	-8.78e-04	-0.003970	-4.66e-04	0.000000	-1.94e-04
"2015-12-24 00:00"	0.000000	-0.001483	-0.001794	-6.27e-05	7.69e-06	2.84e-06	-2.05e-04	-8.67e-04	-0.003956	-4.65e-04	0.000000	-1.84e-04
"2015-12-25 00:00"	0.000000	-0.001467	-0.001768	-5.82e-05	8.01e-06	2.94e-06	-2.06e-04	-8.58e-04	-0.003950	-4.66e-04	0.000000	-1.73e-04
"2015-12-26 00:00"	0.000000	-0.001466	-0.001754	-5.35e-05	1.08e-05	3.98e-06	-2.08e-04	-8.50e-04	-0.003961	-4.68e-04	0.000000	-1.64e-04
"2015-12-27 00:00"	0.000000	-0.001456	-0.001729	-5.31e-05	7.43e-06	2.71e-06	-2.10e-04	-8.42e-04	-0.003971	-4.71e-04	0.000000	-1.55e-04
"2015-12-28 00:00"	0.000000	-0.001429	-0.001664	-5.13e-05	9.75e-06	3.52e-06	-2.12e-04	-8.37e-04	-0.003991	-4.76e-04	0.000000	-1.46e-04
"2015-12-29 00:00"	0.000000	-0.001430	-0.001642	-5.15e-05	1.28e-05	4.65e-06	-2.15e-04	-8.32e-04	-0.004023	-4.82e-04	0.000000	-1.38e-04
"2015-12-30 00:00"	0.000000	-0.001442	-0.001649	-5.39e-05	1.06e-05	3.84e-06	-2.18e-04	-8.29e-04	-0.004058	-4.89e-04	0.000000	-1.30e-04
"2015-12-31 00:00"	0.000000	-0.001449	-0.001650	-5.51e-05	9.93e-06	3.56e-06	-2.22e-04	-8.26e-04	-0.004079	-4.96e-04	0.000000	-1.23e-04
"2016-01-01 00:00"	0.000000	-0.001464	-0.001667	-5.66e-05	1.48e-05	5.29e-06	-2.26e-04	-8.26e-04	-0.004124	-5.06e-04	0.000000	-1.16e-04
"2016-01-02 00:00"	0.000000	-0.001474	-0.001683	-5.84e-05	1.59e-05	5.71e-06	-2.31e-04	-8.28e-04	-0.004191	-5.19e-04	0.000000	-1.10e-04
"2016-01-03 00:00"	0.000000	-0.001488	-0.001703	-6.01e-05	1.49e-05	5.36e-06	-2.35e-04	-8.29e-04	-0.004210	-5.30e-04	0.000000	-1.04e-04
"2016-01-04 00:00"	0.000000	-0.001496	-0.001720	-6.13e-05	1.49e-05	5.39e-06	-2.39e-04	-8.29e-04	-0.004191	-5.40e-04	0.000000	-9.69e-05
"2016-01-05 00:00"	0.000000	-0.001508	-0.001739	-6.26e-05	1.67e-05	6.08e-06	-2.43e-04	-8.28e-04	-0.004145	-5.50e-04	0.000000	-8.99e-05
"2016-01-06 00:00"	0.000000	-0.001519	-0.001761	-6.44e-05	1.01e-05	3.66e-06	-2.45e-04	-8.25e-04	-0.004078	-5.57e-04	0.000000	-8.26e-05
"2016-01-07 00:00"	0.000000	-0.001507	-0.001757	-6.28e-05	1.54e-05	5.60e-06	-2.47e-04	-8.22e-04	-0.004009	-5.65e-04	0.000000	-7.54e-05
"2016-01-08 00:00"	0.000000	-0.001512	-0.001770	-6.31e-05	1.46e-05	5.35e-06	-2.48e-04	-8.20e-04	-0.003943	-5.73e-04	0.000000	-6.83e-05
"2016-01-09 00:00"	0.000000	-0.001519	-0.001785	-6.39e-05	1.49e-05	5.48e-06	-2.49e-04	-8.17e-04	-0.003876	-5.80e-04	0.000000	-6.12e-05
"2016-01-10 00:00"	0.000000	-0.001529	-0.001803	-6.47e-05	1.59e-05	5.91e-06	-2.48e-04	-8.14e-04	-0.003807	-5.86e-04	0.000000	-5.39e-05
"2016-01-11 00:00"	0.000000	-0.001543	-0.001825	-6.65e-05	1.64e-05	6.10e-06	-2.47e-04	-8.10e-04	-0.003734	-5.91e-04	0.000000	-4.65e-05
"2016-01-12 00:00"	0.000000	-0.001554	-0.001844	-6.77e-05	1.51e-05	5.62e-06	-2.44e-04	-8.05e-04	-0.003662	-5.95e-04	0.000000	-3.89e-05
"2016-01-13 00:00"	0.000000	-0.001561	-0.001861	-6.82e-05	1.45e-05	5.46e-06	-2.41e-04	-7.99e-04	-0.003592	-5.98e-04	0.000000	-3.12e-05
"2016-01-14 00:00"	0.000000	-0.001563	-0.001870	-6.84e-05	1.24e-05	4.66e-06	-2.38e-04	-7.94e-04	-0.003528	-6.00e-04	0.000000	-2.35e-05
"2016-01-15 00:00"	0.000000	-0.001566	-0.001882	-6.78e-05	1.45e-05	5.47e-06	-2.34e-04	-7.90e-04	-0.003479	-6.02e-04	0.000000	-1.61e-05
"2016-01-16 00:00"	0.000000	-0.001558	-0.001879	-6.73e-05	1.35e-05	5.12e-06	-2.30e-04	-7.87e-04	-0.003439	-6.05e-04	0.000000	-9.00e-06
"2016-01-17 00:00"	0.000000	-0.001552	-0.001877	-6.69e-05	1.56e-05	5.93e-06	-2.26e-04	-7.83e-04	-0.003395	-6.06e-04	0.000000	-2.00e-06
"2016-01-18 00:00"	0.000000	-0.001551	-0.001880	-6.69e-05	1.30e-05	4.96e-06	-2.21e-04	-7.78e-04	-0.003350	-6.07e-04	0.000000	0.000000
"2016-01-19 00:00"	0.000000	-0.001551	-0.001882	-6.67e-05	1.35e-05	5.15e-06	-2.17e-04	-7.74e-04	-0.003310	-6.06e-04	0.000000	0.000000
"2016-01-20 00:00"	0.000000	-0.001560	-0.001896	-6.70e-05	1.30e-05	4.98e-06	-2.13e-04	-7.69e-04	-0.003272	-6.05e-04	0.000000	0.000000
"2016-01-21 00:00"	0.000000	-0.001556	-0.001895	-6.62e-05	7.96e-06	3.02e-06	-2.09e-04	-7.66e-04	-0.003242	-6.04e-04	0.000000	0.000000
"2016-01-22 00:00"	0.000000	-0.001549	-0.001887	-6.22e-05	9.47e-06	3.62e-06	-2.05e-04	-7.64e-04	-0.003230	-6.04e-04	0.000000	0.000000
"2016-01-23 00:00"	0.000000	-0.001557	-0.001892	-6.00e-05	1.42e-05	5.39e-06	-2.04e-04	-7.70e-04	-0.003260	-6.10e-04	0.000000	0.000000
"2016-01-24 00:00"	0.000000	-0.001559	-0.001888	-6.11e-05	1.55e-05	5.89e-06	-2.06e-04	-7.79e-04	-0.003317	-6.19e-04	0.000000	0.000000
"2016-01-25 00:00"	0.000000	-0.001566	-0.001891	-6.26e-05	1.58e-05	6.00e-06	-2.07e-04	-7.87e-04	-0.003359	-6.26e-04	0.000000	0.000000
"2016-01-26 00:00"	0.000000	-0.001564	-0.001887	-6.38e-05	1.02e-05	3.90e-06	-2.08e-04	-7.94e-04	-0.003388	-6.31e-04	0.000000	0.000000
"2016-01-27 00:00"	0.000000	-0.001563	-0.001882	-6.38e-05	1.18e-05	4.46e-06	-2.11e-04	-8.09e-04	-0.003483	-6.43e-04	0.000000	0.000000
"2016-01-28 00:00"	0.000000	-0.001549	-0.001863	-6.32e-05	1.39e-05	5.28e-06	-2.15e-04	-8.25e-04	-0.003575	-6.55e-04	0.000000	0.000000
"2016-01-29 00:00"	0.000000	-0.001528	-0.001835	-6.28e-05	1.36e-05	5.18e-06	-2.19e-04	-8.36e-04	-0.003619	-6.63e-04	0.000000	0.000000
"2016-01-30 00:00"	0.000000	-0.001511	-0.001812	-6.27e-05	1.12e-05	4.24e-06	-2.21e-04	-8.45e-04	-0.003629	-6.68e-04	0.000000	0.000000
"2016-01-31 00:00"	0.000000	-0.001501	-0.001796	-6.24e-05	1.34e-05	5.09e-06	-2.23e-04	-8.54e-04	-0.003646	-6.74e-04	0.000000	0.000000
"2016-02-01 00:00"	0.000000	-0.001507	-0.001804	-6.35e-05	1.43e-05	5.42e-06	-2.25e-04	-8.63e-04	-0.003665	-6.79e-04	0.000000	0.000000
"2016-02-02 00:00"	0.000000	-0.001506	-0.001801	-6.40e-05	1.25e-05	4.72e-06	-2.25e-04	-8.71e-04	-0.003669	-6.83e-04	0.000000	0.000000
"2016-02-03 00:00"	0.000000	-0.001497	-0.001788	-6.35e-05	1.50e-05	5.71e-06	-2.25e-04	-8.75e-04	-0.003658	-6.84e-04	0.000000	0.000000
"2016-02-04 00:00"	0.000000	-0.001497	-0.001786	-6.37e-05	1.29e-05	4.90e-06	-2.24e-04	-8.78e-04	-0.003635	-6.83e-04	0.000000	0.000000
"2016-02-05 00:00"	0.000000	-0.001499	-0.001787	-6.38e-05	1.48e-05	5.61e-06	-2.22e-04	-8.80e-04	-0.003611	-6.82e-04	0.000000	0.000000
"2016-02-06 00:00"	0.000000	-0.001497	-0.001783	-6.40e-05	1.34e-05	5.09e-06	-2.19e-04	-8.79e-04	-0.003582	-6.78e-04	0.000000	0.000000
"2016-02-07 00:00"	0.000000	-0.001491	-0.001775	-6.41e-05	1.02e-05	3.88e-06	-2.16e-04	-8.78e-04	-0.003548	-6.74e-04	0.000000	0.000000
"2016-02-08 00:00"	0.000000	-0.001489	-0.001767	-6.27e-05	9.06e-06	3.40e-06	-2.12e-04	-8.74e-04	-0.003514	-6.68e-04	0.000000	0.000000
"2016-02-09 00:00"	0.000000	-0.001482	-0.001753	-6.14e-05	7.89e-06	2.98e-06	-2.07e-04	-8.71e-04	-0.003481	-6.62e-04	0.000000	0.000000
"2016-02-10 00:00"	0.000000	-0.001445	-0.001681	-5.71e-05	7.40e-06	2.76e-06	-2.03e-04	-8.67e-04	-0.003462	-6.56e-04	0.000000	0.000000
"2016-02-11 00:00"	0.000000	-0.001444	-0.001636	-5.20e-05	1.03e-05	3.80e-06	-2.01e-04	-8.70e-04	-0.003489	-6.56e-04	0.000000	0.000000
"2016-02-12 00:00"	0.000000	-0.001458	-0.001633	-5.18e-05	8.62e-06	3.17e-06	-2.00e-04	-8.77e-04	-0.003560	-6.59e-04	0.000000	0.000000
"2016-02-13 00:00"	0.000000	-0.001442	-0.001592	-5.24e-05	7.86e-06	2.83e-06	-2.03e-04	-8.90e-04	-0.003699	-6.67e-04	0.000000	0.000000
"2016-02-14 00:00"	0.000000	-0.001435	-0.001556	-5.21e-05	1.33e-05	4.81e-06	-2.07e-04	-9.05e-04	-0.003848	-6.76e-04	0.000000	0.000000
"2016-02-15 00:00"	0.000000	-0.001436	-0.001548	-5.36e-05	1.30e-05	4.66e-06	-2.11e-04	-9.17e-04	-0.003942	-6.85e-04	0.000000	0.000000
"2016-02-16 00:00"	0.000000	-0.001440	-0.001545	-5.53e-05	1.17e-05	4.16e-06	-2.15e-04	-9.27e-04	-0.003999	-6.91e-04	0.000000	0.000000
"2016-02-17 00:00"	0.000000	-0.001443	-0.001541	-5.63e-05	9.05e-06	3.20e-06	-2.19e-04	-9.37e-04	-0.004048	-6.97e-04	0.000000	0.000000
"2016-02-18 00:00"	0.000000	-0.001439	-0.001534	-5.66e-05	7.74e-06	2.74e-06	-2.24e-04	-9.45e-04	-0.004078	-7.03e-04	0.000000	0.000000
"2016-02-19 00:00"	0.000000	-0.001422	-0.001493	-5.39e-05	1.25e-05	4.38e-06	-2.28e-04	-9.53e-04	-0.004116	-7.09e-04	0.000000	0.000000
"2016-02-20 00:00"	0.000000	-0.001430	-0.001496	-5.44e-05	1.39e-05	4.92e-06	-2.32e-04	-9.60e-04	-0.004142	-7.15e-04	0.000000	0.000000
"2016-02-21 00:00"	0.000000	-0.001429	-0.001502	-5.56e-05	8.70e-06	3.03e-06	-2.35e-04	-9.65e-04	-0.004135	-7.19e-04	0.000000	0.000000
"2016-02-22 00:00"	0.000000	-0.001431	-0.001510	-5.57e-05	1.54e-05	5.43e-06	-2.38e-04	-9.67e-04	-0.004107	-7.21e-04	0.000000	0.000000
"2016-02-23 00:00"	0.000000	-0.001446	-0.001534	-5.76e-05	1.03e-05	3.64e-06	-2.39e-04	-9.68e-04	-0.004071	-7.22e-04	0.000000	0.000000
"2016-02-24 00:00"	0.000000	-0.001456	-0.001553	-5.87e-05	1.32e-05	4.71e-06	-2.41e-04	-9.69e-04	-0.004047	-7.24e-04	0.000000	0.000000
"2016-02-25 00:00"	0.000000	-0.001447	-0.001554	-5.89e-05	7.71e-06	2.72e-06	-2.42e-04	-9.69e-04	-0.004020	-7.26e-04	0.000000	0.000000
"2016-02-26 00:00"	0.000000	-0.001436	-0.001547	-5.61e-05	1.33e-05	4.75e-06	-2.42e-04	-9.69e-04	-0.004002	-7.27e-04	0.000000	0.000000
"2016-02-27 00:00"	0.000000	-0.001452	-0.001571	-5.73e-05	1.55e-05	5.59e-06	-2.43e-04	-9.70e-04	-0.003989	-7.29e-04	0.000000	0.000000
"2016-02-28 00:00"	0.000000	-0.001464	-0.001594	-5.93e-05	1.48e-05	5.38e-06	-2.43e-04	-9.69e-04	-0.003970	-7.30e-04	0.000000	0.000000
"2016-02-29 00:00"	0.000000	-0.001478	-0.001618	-6.14e-05	1.13e-05	4.11e-06	-2.42e-04	-9.67e-04	-0.003942	-7.30e-04	0.000000	0.000000
"2016-03-01 00:00"	0.000000	-0.001482	-0.001632	-6.16e-05	9.26e-06	3.37e-06	-2.42e-04	-9.64e-04	-0.003916	-7.30e-04	0.000000	0.000000
"2016-03-02 00:00"	0.000000	-0.001467	-0.001624	-6.02e-05	7.60e-06	2.77e-06	-2.42e-04	-9.63e-04	-0.003905	-7.31e-04	0.000000	0.000000
"2016-03-03 00:00"	0.000000	-0.001454	-0.001610	-5.68e-05	1.31e-05	4.80e-06	-2.43e-04	-9.62e-04	-0.003896	-7.31e-04	0.000000	0.000000
"2016-03-04 00:00"	0.000000	-0.001462	-0.001620	-5.72e-05	9.21e-06	3.37e-06	-2.43e-04	-9.60e-04	-0.003885	-7.32e-04	0.000000	0.000000
"2016-03-05 00:00"	0.000000	-0.001474	-0.001634	-5.78e-05	1.10e-05	4.03e-06	-2.45e-04	-9.61e-04	-0.003896	-7.34e-04	0.000000	0.000000
"2016-03-06 00:00"	0.000000	-0.001485	-0.001651	-5.93e-05	1.32e-05	4.86e-06	-2.48e-04	-9.66e-04	-0.003961	-7.41e-04	0.000000	0.000000
"2016-03-07 00:00"	0.000000	-0.001493	-0.001666	-6.06e-05	1.51e-05	5.55e-06	-2.54e-04	-9.78e-04	-0.004078	-7.52e-04	0.000000	0.000000
"2016-03-08 00:00"	0.000000	-0.001507	-0.001689	-6.26e-05	1.18e-05	4.36e-06	-2.59e-04	-9.89e-04	-0.004153	-7.63e-04	0.000000	0.000000
"2016-03-09 00:00"	0.000000	-0.001515	-0.001705	-6.35e-05	9.00e-06	3.33e-06	-2.66e-04	-0.001001	-0.004226	-7.75e-04	0.000000	0.000000
"2016-03-10 00:00"	0.000000	-0.001498	-0.001693	-6.18e-05	1.05e-05	3.87e-06	-2.72e-04	-0.001012	-0.004269	-7.86e-04	0.000000	0.000000
"2016-03-11 00:00"	0.000000	-0.001508	-0.001709	-6.25e-05	1.14e-05	4.22e-06	-2.79e-04	-0.001029	-0.004345	-8.02e-04	0.000000	0.000000
"2016-03-12 00:00"	0.000000	-0.001489	-0.001689	-6.07e-05	1.19e-05	4.42e-06	-2.89e-04	-0.001054	-0.004420	-8.25e-04	0.000000	0.000000
"2016-03-13 00:00"	0.000000	-0.001479	-0.001677	-5.99e-05	1.02e-05	3.73e-06	-2.99e-04	-0.001078	-0.004449	-8.47e-04	0.000000	0.000000
"2016-03-14 00:00"	0.000000	-0.001481	-0.001680	-5.99e-05	1.10e-05	4.07e-06	-3.08e-04	-0.001100	-0.004471	-8.68e-04	0.000000	0.000000
"2016-03-15 00:00"	0.000000	-0.001492	-0.001697	-6.03e-05	1.45e-05	5.35e-06	-3.17e-04	-0.001123	-0.004488	-8.90e-04	0.000000	0.000000
"2016-03-16 00:00"	0.000000	-0.001497	-0.001707	-6.12e-05	1.48e-05	5.50e-06	-3.24e-04	-0.001143	-0.004470	-9.09e-04	0.000000	0.000000
"2016-03-17 00:00"	0.000000	-0.001494	-0.001708	-6.20e-05	1.28e-05	4.79e-06	-3.29e-04	-0.001159	-0.004424	-9.26e-04	0.000000	0.000000
"2016-03-18 00:00"	0.000000	-0.001494	-0.001712	-6.19e-05	1.15e-05	4.27e-06	-3.33e-04	-0.001175	-0.004383	-9.42e-04	0.000000	0.000000
"2016-03-19 00:00"	0.000000	-0.001493	-0.001715	-6.19e-05	1.11e-05	4.13e-06	-3.38e-04	-0.001196	-0.004421	-9.63e-04	0.000000	0.000000
"2016-03-20 00:00"	0.000000	-0.001488	-0.001712	-6.15e-05	1.28e-05	4.81e-06	-3.43e-04	-0.001219	-0.004479	-9.86e-04	0.000000	0.000000
"2016-03-21 00:00"	0.000000	-0.001497	-0.001726	-6.19e-05	9.29e-06	3.44e-06	-3.48e-04	-0.001246	-0.004569	-0.001013	0.000000	0.000000
"2016-03-22 00:00"	0.000000	-0.001495	-0.001727	-6.10e-05	7.62e-06	2.84e-06	-3.54e-04	-0.001278	-0.004682	-0.001045	0.000000	0.000000
"2016-03-23 00:00"	0.000000	-0.001448	-0.001666	-5.67e-05	8.46e-06	3.12e-06	-3.60e-04	-0.001310	-0.004778	-0.001078	0.000000	0.000000
"2016-03-24 00:00"	0.000000	-0.001426	-0.001629	-5.30e-05	8.68e-06	3.17e-06	-3.65e-04	-0.001340	-0.004820	-0.001109	0.000000	0.000000
"2016-03-25 00:00"	0.000000	-0.001417	-0.001604	-5.09e-05	1.28e-05	4.65e-06	-3.70e-04	-0.001368	-0.004845	-0.001140	0.000000	0.000000
"2016-03-26 00:00"	0.000000	-0.001424	-0.001604	-5.23e-05	1.44e-05	5.25e-06	-3.74e-04	-0.001393	-0.004836	-0.001169	0.000000	0.000000
"2016-03-27 00:00"	0.000000	-0.001428	-0.001604	-5.43e-05	7.79e-06	2.82e-06	-3.77e-04	-0.001413	-0.004781	-0.001195	0.000000	0.000000
"2016-03-28 00:00"	0.000000	-0.001403	-0.001556	-5.21e-05	1.23e-05	4.41e-06	-3.79e-04	-0.001434	-0.004768	-0.001221	0.000000	0.000000
"2016-03-29 00:00"	0.000000	-0.001417	-0.001567	-5.33e-05	1.46e-05	5.26e-06	-3.83e-04	-0.001457	-0.004828	-0.001252	0.000000	0.000000
"2016-03-30 00:00"	0.000000	-0.001439	-0.001599	-5.62e-05	1.76e-05	6.36e-06	-3.86e-04	-0.001481	-0.004872	-0.001283	0.000000	0.000000
"2016-03-31 00:00"	0.000000	-0.001457	-0.001628	-5.91e-05	1.13e-05	4.06e-06	-3.88e-04	-0.001499	-0.004844	-0.001310	0.000000	0.000000
"2016-04-01 00:00"	0.000000	-0.001473	-0.001653	-6.09e-05	1.72e-05	6.26e-06	-3.89e-04	-0.001511	-0.004779	-0.001333	0.000000	0.000000
"2016-04-02 00:00"	0.000000	-0.001484	-0.001677	-6.27e-05	8.40e-06	3.05e-06	-3.88e-04	-0.001519	-0.004696	-0.001353	0.000000	0.000000
"2016-04-03 00:00"	0.000000	-0.001458	-0.001662	-5.86e-05	8.79e-06	3.16e-06	-3.86e-04	-0.001525	-0.004634	-0.001371	0.000000	0.000000
"2016-04-04 00:00"	0.000000	-0.001472	-0.001685	-5.56e-05	1.09e-05	3.92e-06	-3.84e-04	-0.001538	-0.004670	-0.001397	0.000000	-3.88e-10
"2016-04-05 00:00"	0.000000	-0.001470	-0.001685	-5.50e-05	8.37e-06	2.98e-06	-3.86e-04	-0.001565	-0.004785	-0.001438	0.000000	-1.79e-08
"2016-04-06 00:00"	0.000000	-0.001477	-0.001694	-5.50e-05	1.10e-05	3.90e-06	-3.91e-04	-0.001601	-0.004890	-0.001489	0.000000	-1.27e-06
"2016-04-07 00:00"	0.000000	-0.001477	-0.001692	-5.62e-05	1.51e-05	5.37e-06	-4.00e-04	-0.001647	-0.004940	-0.001551	0.000000	-4.27e-06
"2016-04-08 00:00"	0.000000	-0.001485	-0.001703	-5.78e-05	1.55e-05	5.46e-06	-4.09e-04	-0.001685	-0.004940	-0.001607	0.000000	-6.82e-06
"2016-04-09 00:00"	0.000000	-0.001487	-0.001708	-5.91e-05	1.37e-05	4.84e-06	-4.17e-04	-0.001716	-0.004922	-0.001657	0.000000	-8.98e-06
"2016-04-10 00:00"	0.000000	-0.001475	-0.001698	-5.97e-05	8.57e-06	3.01e-06	-4.24e-04	-0.001740	-0.004882	-0.001699	0.000000	-1.06e-05
"2016-04-11 00:00"	0.000000	-0.001463	-0.001686	-5.74e-05	8.69e-06	3.07e-06	-4.29e-04	-0.001757	-0.004858	-0.001735	0.000000	-1.18e-05
"2016-04-12 00:00"	0.000000	-0.001446	-0.001667	-5.49e-05	8.87e-06	3.09e-06	-4.33e-04	-0.001771	-0.004869	-0.001768	0.000000	-1.30e-05
"2016-04-13 00:00"	0.000000	-0.001454	-0.001677	-5.33e-05	9.00e-06	3.14e-06	-4.38e-04	-0.001789	-0.004952	-0.001806	0.000000	-1.52e-05
"2016-04-14 00:00"	0.000000	-0.001452	-0.001670	-5.16e-05	7.94e-06	2.74e-06	-4.45e-04	-0.001813	-0.005047	-0.001852	0.000000	-1.85e-05
"2016-04-15 00:00"	0.000000	-0.001454	-0.001666	-4.96e-05	1.14e-05	3.96e-06	-4.50e-04	-0.001834	-0.005112	-0.001892	0.000000	-2.17e-05
"2016-04-16 00:00"	0.000000	-0.001464	-0.001678	-5.09e-05	1.58e-05	5.47e-06	-4.54e-04	-0.001853	-0.005184	-0.001931	0.000000	-2.52e-05
"2016-04-17 00:00"	0.000000	-0.001469	-0.001688	-5.36e-05	9.00e-06	3.11e-06	-4.57e-04	-0.001868	-0.005189	-0.001965	0.000000	-2.84e-05
"2016-04-18 00:00"	0.000000	-0.001461	-0.001679	-5.39e-05	7.41e-06	2.54e-06	-4.60e-04	-0.001878	-0.005210	-0.001993	0.000000	-3.14e-05
"2016-04-19 00:00"	0.000000	-0.001420	-0.001626	-5.08e-05	8.25e-06	2.82e-06	-4.62e-04	-0.001890	-0.005280	-0.002021	0.000000	-3.49e-05
"2016-04-20 00:00"	0.000000	-0.001417	-0.001616	-4.80e-05	1.46e-05	5.05e-06	-4.65e-04	-0.001903	-0.005309	-0.002051	0.000000	-3.90e-05
"2016-04-21 00:00"	0.000000	-0.001434	-0.001637	-5.00e-05	1.49e-05	5.16e-06	-4.68e-04	-0.001914	-0.005279	-0.002076	0.000000	-4.30e-05
"2016-04-22 00:00"	0.000000	-0.001447	-0.001658	-5.26e-05	1.56e-05	5.39e-06	-4.69e-04	-0.001918	-0.005191	-0.002091	0.000000	-4.63e-05
"2016-04-23 00:00"	0.000000	-0.001455	-0.001674	-5.48e-05	1.08e-05	3.77e-06	-4.69e-04	-0.001918	-0.005107	-0.002100	0.000000	-4.90e-05
"2016-04-24 00:00"	0.000000	-0.001464	-0.001692	-5.62e-05	1.53e-05	5.42e-06	-4.69e-04	-0.001922	-0.005111	-0.002112	0.000000	-5.26e-05
"2016-04-25 00:00"	0.000000	-0.001472	-0.001709	-5.81e-05	1.38e-05	4.86e-06	-4.73e-04	-0.001939	-0.005166	-0.002136	0.000000	-5.80e-05
"2016-04-26 00:00"	0.000000	-0.001475	-0.001721	-5.91e-05	1.56e-05	5.56e-06	-4.75e-04	-0.001950	-0.005184	-0.002152	0.000000	-6.29e-05
"2016-04-27 00:00"	0.000000	-0.001489	-0.001745	-6.08e-05	1.62e-05	5.82e-06	-4.75e-04	-0.001954	-0.005132	-0.002158	0.000000	-6.69e-05
"2016-04-28 00:00"	0.000000	-0.001495	-0.001761	-6.21e-05	1.37e-05	4.95e-06	-4.73e-04	-0.001951	-0.005031	-0.002153	0.000000	-7.00e-05
"2016-04-29 00:00"	0.000000	-0.001499	-0.001775	-6.31e-05	9.99e-06	3.60e-06	-4.70e-04	-0.001948	-0.005002	-0.002149	0.000000	-7.32e-05
"2016-04-30 00:00"	0.000000	-0.001494	-0.001781	-6.14e-05	1.13e-05	4.12e-06	-4.68e-04	-0.001952	-0.005090	-0.002151	0.000000	-7.77e-05
"2016-05-01 00:00"	0.000000	-0.001497	-0.001793	-6.08e-05	1.42e-05	5.15e-06	-4.65e-04	-0.001953	-0.005154	-0.002148	0.000000	-8.17e-05
"2016-05-02 00:00"	0.000000	-0.001513	-0.001817	-6.24e-05	1.46e-05	5.35e-06	-4.61e-04	-0.001947	-0.005163	-0.002138	0.000000	-8.50e-05
"2016-05-03 00:00"	0.000000	-0.001516	-0.001827	-6.34e-05	8.35e-06	3.07e-06	-4.55e-04	-0.001938	-0.005136	-0.002122	0.000000	-8.76e-05
"2016-05-04 00:00"	0.000000	-0.001507	-0.001828	-5.99e-05	1.33e-05	4.87e-06	-4.49e-04	-0.001933	-0.005191	-0.002111	0.000000	-9.11e-05
"2016-05-05 00:00"	0.000000	-0.001495	-0.001817	-5.95e-05	9.42e-06	3.48e-06	-4.42e-04	-0.001928	-0.005202	-0.002100	0.000000	-9.48e-05
"2016-05-06 00:00"	0.000000	-0.001471	-0.001789	-5.85e-05	1.27e-05	4.66e-06	-4.35e-04	-0.001918	-0.005170	-0.002085	0.000000	-9.79e-05
"2016-05-07 00:00"	0.000000	-0.001482	-0.001803	-5.98e-05	1.50e-05	5.54e-06	-4.27e-04	-0.001905	-0.005120	-0.002065	0.000000	-1.00e-04
"2016-05-08 00:00"	0.000000	-0.001487	-0.001810	-6.11e-05	1.21e-05	4.50e-06	-4.18e-04	-0.001888	-0.005051	-0.002041	0.000000	-1.02e-04
"2016-05-09 00:00"	0.000000	-0.001484	-0.001809	-6.14e-05	9.04e-06	3.37e-06	-4.09e-04	-0.001868	-0.004994	-0.002015	0.000000	-1.04e-04
"2016-05-10 00:00"	0.000000	-0.001479	-0.001804	-6.03e-05	1.28e-05	4.77e-06	-3.99e-04	-0.001844	-0.004937	-0.001986	0.000000	-1.05e-04
"2016-05-11 00:00"	0.000000	-0.001491	-0.001820	-6.19e-05	1.08e-05	4.03e-06	-3.89e-04	-0.001818	-0.004884	-0.001956	0.000000	-1.05e-04
"2016-05-12 00:00"	0.000000	-0.001508	-0.001843	-6.29e-05	1.18e-05	4.44e-06	-3.79e-04	-0.001791	-0.004872	-0.001925	0.000000	-1.06e-04
"2016-05-13 00:00"	0.000000	-0.001491	-0.001825	-6.20e-05	9.90e-06	3.70e-06	-3.69e-04	-0.001762	-0.004870	-0.001894	0.000000	-1.06e-04
"2016-05-14 00:00"	0.000000	-0.001476	-0.001805	-6.04e-05	1.18e-05	4.38e-06	-3.59e-04	-0.001732	-0.004869	-0.001862	0.000000	-1.06e-04
"2016-05-15 00:00"	0.000000	-0.001465	-0.001790	-6.01e-05	8.15e-06	3.04e-06	-3.49e-04	-0.001702	-0.004869	-0.001831	0.000000	-1.05e-04
"2016-05-16 00:00"	0.000000	-0.001452	-0.001768	-5.71e-05	8.99e-06	3.36e-06	-3.39e-04	-0.001670	-0.004860	-0.001799	0.000000	-1.05e-04
"2016-05-17 00:00"	0.000000	-0.001459	-0.001769	-5.43e-05	1.02e-05	3.81e-06	-3.30e-04	-0.001638	-0.004873	-0.001768	0.000000	-1.04e-04
"2016-05-18 00:00"	0.000000	-0.001452	-0.001747	-5.41e-05	7.55e-06	2.79e-06	-3.21e-04	-0.001607	-0.004901	-0.001738	0.000000	-1.03e-04
"2016-05-19 00:00"	0.000000	-0.001445	-0.001718	-5.24e-05	1.25e-05	4.62e-06	-3.13e-04	-0.001576	-0.004970	-0.001710	0.000000	-1.02e-04
"2016-05-20 00:00"	0.000000	-0.001446	-0.001712	-5.33e-05	1.44e-05	5.30e-06	-3.05e-04	-0.001545	-0.004994	-0.001681	0.000000	-1.01e-04
"2016-05-21 00:00"	0.000000	-0.001454	-0.001718	-5.54e-05	8.99e-06	3.32e-06	-2.97e-04	-0.001512	-0.004969	-0.001652	0.000000	-9.98e-05
"2016-05-22 00:00"	0.000000	-0.001459	-0.001721	-5.57e-05	1.29e-05	4.74e-06	-2.91e-04	-0.001484	-0.005037	-0.001629	0.000000	-9.93e-05
"2016-05-23 00:00"	0.000000	-0.001457	-0.001714	-5.63e-05	1.22e-05	4.47e-06	-2.86e-04	-0.001457	-0.005059	-0.001607	0.000000	-9.89e-05
"2016-05-24 00:00"	0.000000	-0.001453	-0.001707	-5.68e-05	1.33e-05	4.88e-06	-2.81e-04	-0.001431	-0.005056	-0.001586	0.000000	-9.86e-05
"2016-05-25 00:00"	0.000000	-0.001448	-0.001700	-5.77e-05	7.83e-06	2.90e-06	-2.76e-04	-0.001404	-0.005002	-0.001565	0.000000	-9.80e-05
"2016-05-26 00:00"	0.000000	-0.001412	-0.001648	-5.44e-05	9.23e-06	3.40e-06	-2.72e-04	-0.001376	-0.004927	-0.001543	0.000000	-9.70e-05
"2016-05-27 00:00"	0.000000	-0.001416	-0.001647	-5.25e-05	1.38e-05	5.13e-06	-2.68e-04	-0.001347	-0.004846	-0.001519	0.000000	-9.56e-05
"2016-05-28 00:00"	0.000000	-0.001422	-0.001650	-5.38e-05	1.31e-05	4.88e-06	-2.63e-04	-0.001317	-0.004749	-0.001495	0.000000	-9.38e-05
"2016-05-29 00:00"	0.000000	-0.001424	-0.001650	-5.52e-05	8.12e-06	3.03e-06	-2.58e-04	-0.001285	-0.004636	-0.001468	0.000000	-9.13e-05
"2016-05-30 00:00"	0.000000	-0.001430	-0.001652	-5.41e-05	1.08e-05	4.02e-06	-2.54e-04	-0.001255	-0.004565	-0.001444	0.000000	-8.90e-05
"2016-05-31 00:00"	0.000000	-0.001435	-0.001655	-5.45e-05	1.24e-05	4.63e-06	-2.50e-04	-0.001228	-0.004542	-0.001423	0.000000	-8.73e-05
"2016-06-01 00:00"	0.000000	-0.001439	-0.001659	-5.59e-05	1.30e-05	4.85e-06	-2.45e-04	-0.001200	-0.004508	-0.001402	0.000000	-8.51e-05
"2016-06-02 00:00"	0.000000	-0.001452	-0.001676	-5.76e-05	1.41e-05	5.27e-06	-2.41e-04	-0.001171	-0.004468	-0.001379	0.000000	-8.26e-05
"2016-06-03 00:00"	0.000000	-0.001458	-0.001685	-5.89e-05	8.19e-06	3.09e-06	-2.36e-04	-0.001142	-0.004431	-0.001356	0.000000	-7.98e-05
"2016-06-04 00:00"	0.000000	-0.001439	-0.001664	-5.66e-05	8.35e-06	3.13e-06	-2.32e-04	-0.001118	-0.004480	-0.001339	0.000000	-7.79e-05
"2016-06-05 00:00"	0.000000	-0.001431	-0.001648	-5.39e-05	9.55e-06	3.57e-06	-2.30e-04	-0.001097	-0.004596	-0.001325	0.000000	-7.67e-05
"2016-06-06 00:00"	0.000000	-0.001435	-0.001649	-5.38e-05	1.38e-05	5.15e-06	-2.27e-04	-0.001077	-0.004689	-0.001312	0.000000	-7.53e-05
"2016-06-07 00:00"	0.000000	-0.001451	-0.001666	-5.63e-05	1.03e-05	3.82e-06	-2.25e-04	-0.001058	-0.004750	-0.001299	0.000000	-7.40e-05
"2016-06-08 00:00"	0.000000	-0.001454	-0.001670	-5.75e-05	1.17e-05	4.35e-06	-2.25e-04	-0.001041	-0.004817	-0.001290	0.000000	-7.32e-05
"2016-06-09 00:00"	0.000000	-0.001458	-0.001674	-5.85e-05	1.12e-05	4.17e-06	-2.25e-04	-0.001026	-0.004855	-0.001282	0.000000	-7.25e-05
"2016-06-10 00:00"	0.000000	-0.001465	-0.001684	-5.93e-05	1.30e-05	4.82e-06	-2.27e-04	-0.001013	-0.004878	-0.001276	0.000000	-7.22e-05
"2016-06-11 00:00"	0.000000	-0.001471	-0.001694	-6.01e-05	1.14e-05	4.22e-06	-2.29e-04	-9.99e-04	-0.004835	-0.001269	0.000000	-7.16e-05
"2016-06-12 00:00"	0.000000	-0.001471	-0.001696	-6.01e-05	8.81e-06	3.25e-06	-2.32e-04	-9.88e-04	-0.004809	-0.001264	0.000000	-7.13e-05
"2016-06-13 00:00"	0.000000	-0.001459	-0.001684	-5.85e-05	7.40e-06	2.73e-06	-2.35e-04	-9.77e-04	-0.004777	-0.001259	0.000000	-7.09e-05
"2016-06-14 00:00"	0.000000	-0.001438	-0.001651	-5.47e-05	7.25e-06	2.67e-06	-2.39e-04	-9.68e-04	-0.004768	-0.001256	0.000000	-7.07e-05
"2016-06-15 00:00"	0.000000	-0.001388	-0.001568	-4.90e-05	7.35e-06	2.68e-06	-2.43e-04	-9.61e-04	-0.004776	-0.001255	0.000000	-7.08e-05
