"2015-06-16 00:00"	0.000000	0.000000	0.000000	0.000000	0.000000	0.000000	0.000000	0.000000	0.000000	0.000000	0.000000	0.000000
"2015-06-17 00:00"	0.000000	0.000000	0.000000	0.000000	0.000000	0.000000	0.000000	-0.004860	-0.001546	-0.003460	-0.003079	-0.004446
"2015-06-18 00:00"	0.000000	0.000000	0.000000	0.000000	0.000000	0.000000	0.000000	-0.005012	-0.001191	-0.003569	-0.008628	-0.004001
"2015-06-19 00:00"	0.000000	0.000000	0.000000	0.000000	0.000000	0.000000	0.000000	-6.22e-04	0.000000	-4.29e-04	-0.012104	0.000000
"2015-06-20 00:00"	0.000000	0.000000	0.000000	0.000000	0.000000	0.000000	0.000000	-0.001445	0.000000	-0.001010	-0.012668	0.000000
"2015-06-21 00:00"	0.000000	0.000000	0.000000	0.000000	0.000000	0.000000	0.000000	-0.003326	0.000000	-0.011922	-0.013768	0.000000
"2015-06-22 00:00"	0.000000	0.000000	0.000000	0.000000	0.000000	0.000000	0.000000	-0.001140	0.000000	-0.005125	-0.012409	0.000000
"2015-06-23 00:00"	0.000000	0.000000	0.000000	0.000000	0.000000	0.000000	0.000000	-1.56e-04	0.000000	-0.003554	-0.011848	0.000000
"2015-06-24 00:00"	0.000000	0.000000	0.000000	0.000000	0.000000	0.000000	0.000000	-0.001094	0.000000	-0.002777	-0.012453	0.000000
"2015-06-25 00:00"	0.000000	0.000000	0.000000	0.000000	0.000000	0.000000	0.000000	-0.003605	0.000000	-0.003695	-0.013992	0.000000
"2015-06-26 00:00"	0.000000	0.000000	0.000000	0.000000	0.000000	0.000000	0.000000	-0.006397	0.000000	-0.005113	-0.015761	0.000000
"2015-06-27 00:00"	0.000000	0.000000	0.000000	0.000000	0.000000	0.000000	0.000000	-0.002276	0.000000	-0.001701	-0.013098	0.000000
"2015-06-28 00:00"	0.000000	0.000000	0.000000	0.000000	0.000000	0.000000	0.000000	-5.91e-04	0.000000	-3.97e-04	-0.012082	0.000000
"2015-06-29 00:00"	0.000000	0.000000	0.000000	0.000000	0.000000	0.000000	0.000000	-0.002006	0.000000	-0.001391	-0.012979	0.000000
"2015-06-30 00:00"	0.000000	0.000000	0.000000	0.000000	0.000000	0.000000	0.000000	-8.12e-04	0.000000	-5.55e-04	-0.012230	0.000000
"2015-07-01 00:00"	0.000000	0.000000	0.000000	0.000000	0.000000	0.000000	0.000000	-1.54e-04	0.000000	-9.85e-05	-0.011816	0.000000
"2015-07-02 00:00"	0.000000	0.000000	0.000000	0.000000	0.000000	0.000000	0.000000	-2.68e-05	0.000000	-6.82e-06	-0.011740	0.000000
"2015-07-03 00:00"	0.000000	0.000000	0.000000	0.000000	0.000000	0.000000	0.000000	-2.76e-04	0.000000	-1.83e-04	-0.011899	0.000000
"2015-07-04 00:00"	0.000000	0.000000	0.000000	0.000000	0.000000	0.000000	0.000000	-9.91e-05	0.000000	-7.10e-05	-0.010604	0.000000
"2015-07-05 00:00"	0.000000	0.000000	0.000000	0.000000	0.000000	0.000000	0.000000	-0.001595	0.000000	-0.001118	-0.005147	0.000000
"2015-07-06 00:00"	0.000000	0.000000	0.000000	0.000000	0.000000	0.000000	0.000000	-0.003241	0.000000	-0.002282	-0.005840	0.000000
"2015-07-07 00:00"	0.000000	0.000000	0.000000	0.000000	0.000000	0.000000	0.000000	-2.75e-04	0.000000	-2.62e-04	-0.004179	0.000000
"2015-07-08 00:00"	0.000000	0.000000	0.000000	0.000000	0.000000	0.000000	0.000000	0.000000	0.000000	-5.56e-04	-0.003991	0.000000
"2015-07-09 00:00"	0.000000	0.000000	0.000000	0.000000	0.000000	0.000000	0.000000	0.000000	0.000000	-6.79e-04	-0.003951	0.000000
"2015-07-10 00:00"	0.000000	0.000000	0.000000	0.000000	0.000000	0.000000	0.000000	0.000000	0.000000	-1.54e-04	-0.003291	0.000000
"2015-07-11 00:00"	0.000000	0.000000	0.000000	0.000000	0.000000	0.000000	0.000000	-4.73e-04	0.000000	-0.003307	-0.005316	0.000000
"2015-07-12 00:00"	0.000000	0.000000	0.000000	0.000000	0.000000	0.000000	0.000000	-3.94e-04	0.000000	0.000000	-0.003526	0.000000
"2015-07-13 00:00"	0.000000	0.000000	0.000000	0.000000	0.000000	0.000000	0.000000	-4.95e-04	0.000000	0.000000	-0.003142	0.000000
"2015-07-14 00:00"	0.000000	0.000000	0.000000	0.000000	0.000000	0.000000	0.000000	0.000000	0.000000	0.000000	-0.001832	0.000000
"2015-07-15 00:00"	0.000000	0.000000	0.000000	0.000000	0.000000	0.000000	0.000000	0.000000	0.000000	0.000000	-0.001225	0.000000
"2015-07-16 00:00"	0.000000	0.000000	0.000000	0.000000	0.000000	0.000000	0.000000	0.000000	0.000000	0.000000	-0.001853	0.000000
"2015-07-17 00:00"	0.000000	0.000000	0.000000	0.000000	0.000000	0.000000	0.000000	0.000000	0.000000	0.000000	-0.002767	0.000000
"2015-07-18 00:00"	0.000000	0.000000	0.000000	0.000000	0.000000	0.000000	0.000000	0.000000	0.000000	0.000000	-0.001133	0.000000
"2015-07-19 00:00"	0.000000	0.000000	0.000000	0.000000	0.000000	0.000000	0.000000	0.000000	0.000000	0.000000	-0.001792	0.000000
"2015-07-20 00:00"	0.000000	0.000000	0.000000	0.000000	0.000000	0.000000	0.000000	-6.07e-07	-1.05e-06	-4.47e-07	-8.36e-04	-1.05e-06
"2015-07-21 00:00"	0.000000	0.000000	0.000000	0.000000	0.000000	0.000000	0.000000	-9.69e-07	-9.72e-07	-7.29e-07	-9.23e-04	-6.80e-07
"2015-07-22 00:00"	0.000000	0.000000	0.000000	0.000000	0.000000	0.000000	0.000000	0.000000	0.000000	0.000000	-5.25e-04	0.000000
"2015-07-23 00:00"	0.000000	0.000000	0.000000	0.000000	0.000000	0.000000	0.000000	0.000000	0.000000	0.000000	-0.002204	0.000000
"2015-07-24 00:00"	0.000000	0.000000	0.000000	0.000000	0.000000	0.000000	0.000000	0.000000	0.000000	0.000000	-6.33e-04	0.000000
"2015-07-25 00:00"	0.000000	0.000000	0.000000	0.000000	0.000000	0.000000	0.000000	-0.003206	-7.38e-06	-5.55e-06	-0.003423	-5.14e-06
"2015-07-26 00:00"	0.000000	0.000000	0.000000	0.000000	0.000000	0.000000	0.000000	0.000000	0.000000	0.000000	-3.87e-04	0.000000
"2015-07-27 00:00"	0.000000	0.000000	0.000000	0.000000	0.000000	0.000000	0.000000	0.000000	0.000000	0.000000	-2.21e-05	0.000000
"2015-07-28 00:00"	0.000000	0.000000	0.000000	0.000000	0.000000	0.000000	0.000000	0.000000	0.000000	0.000000	-7.86e-05	0.000000
"2015-07-29 00:00"	0.000000	0.000000	0.000000	0.000000	0.000000	0.000000	0.000000	0.000000	0.000000	0.000000	-9.24e-05	0.000000
"2015-07-30 00:00"	0.000000	0.000000	0.000000	0.000000	0.000000	0.000000	0.000000	0.000000	0.000000	0.000000	-1.18e-04	0.000000
"2015-07-31 00:00"	0.000000	0.000000	0.000000	0.000000	0.000000	0.000000	0.000000	0.000000	0.000000	0.000000	-2.82e-04	0.000000
"2015-08-01 00:00"	0.000000	0.000000	0.000000	0.000000	0.000000	0.000000	0.000000	0.000000	0.000000	0.000000	-2.48e-04	0.000000
"2015-08-02 00:00"	0.000000	0.000000	0.000000	0.000000	0.000000	0.000000	0.000000	0.000000	0.000000	0.000000	-3.75e-04	0.000000
"2015-08-03 00:00"	0.000000	0.000000	0.000000	0.000000	0.000000	0.000000	0.000000	0.000000	0.000000	0.000000	-1.66e-04	0.000000
"2015-08-04 00:00"	0.000000	0.000000	0.000000	0.000000	0.000000	0.000000	0.000000	0.000000	0.000000	0.000000	-2.15e-04	0.000000
"2015-08-05 00:00"	0.000000	0.000000	0.000000	0.000000	0.000000	0.000000	0.000000	0.000000	0.000000	0.000000	-1.68e-04	0.000000
"2015-08-06 00:00"	0.000000	0.000000	0.000000	0.000000	0.000000	0.000000	0.000000	0.000000	0.000000	0.000000	-1.14e-04	0.000000
"2015-08-07 00:00"	0.000000	0.000000	0.000000	0.000000	0.000000	0.000000	0.000000	0.000000	0.000000	0.000000	-1.04e-04	0.000000
"2015-08-08 00:00"	0.000000	0.000000	0.000000	0.000000	0.000000	0.000000	0.000000	0.000000	0.000000	0.000000	-7.63e-05	0.000000
"2015-08-09 00:00"	0.000000	0.000000	0.000000	0.000000	0.000000	0.000000	0.000000	0.000000	0.000000	0.000000	-5.18e-05	0.000000
"2015-08-10 00:00"	0.000000	0.000000	0.000000	0.000000	0.000000	0.000000	0.000000	0.000000	0.000000	0.000000	-5.05e-05	0.000000
"2015-08-11 00:00"	0.000000	0.000000	0.000000	0.000000	0.000000	0.000000	0.000000	0.000000	0.000000	0.000000	-7.58e-06	0.000000
"2015-08-12 00:00"	0.000000	0.000000	0.000000	0.000000	0.000000	0.000000	0.000000	0.000000	0.000000	0.000000	-1.20e-06	0.000000
"2015-08-13 00:00"	0.000000	0.000000	0.000000	0.000000	0.000000	0.000000	0.000000	0.000000	0.000000	0.000000	-8.23e-07	0.000000
"2015-08-14 00:00"	0.000000	0.000000	0.000000	0.000000	0.000000	0.000000	0.000000	-6.38e-06	-2.31e-06	-1.75e-06	-2.34e-04	-1.61e-06
"2015-08-15 00:00"	0.000000	0.000000	0.000000	0.000000	0.000000	0.000000	0.000000	0.000000	0.000000	0.000000	0.000000	0.000000
"2015-08-16 00:00"	0.000000	0.000000	0.000000	0.000000	0.000000	0.000000	0.000000	0.000000	0.000000	0.000000	0.000000	0.000000
"2015-08-17 00:00"	0.000000	0.000000	0.000000	0.000000	0.000000	0.000000	0.000000	0.000000	0.000000	0.000000	0.000000	0.000000
"2015-08-18 00:00"	0.000000	0.000000	0.000000	0.000000	0.000000	0.000000	0.000000	0.000000	0.000000	0.000000	0.000000	0.000000
"2015-08-19 00:00"	0.000000	0.000000	0.000000	0.000000	0.000000	0.000000	0.000000	0.000000	0.000000	0.000000	0.000000	0.000000
"2015-08-20 00:00"	0.000000	0.000000	0.000000	0.000000	0.000000	0.000000	0.000000	0.000000	0.000000	0.000000	0.000000	0.000000
"2015-08-21 00:00"	0.000000	0.000000	0.000000	0.000000	0.000000	0.000000	0.000000	0.000000	0.000000	0.000000	0.000000	0.000000
"2015-08-22 00:00"	0.000000	0.000000	0.000000	0.000000	0.000000	0.000000	0.000000	0.000000	0.000000	0.000000	0.000000	0.000000
"2015-08-23 00:00"	0.000000	0.000000	0.000000	0.000000	0.000000	0.000000	0.000000	0.000000	0.000000	0.000000	0.000000	0.000000
"2015-08-24 00:00"	0.000000	0.000000	0.000000	0.000000	0.000000	0.000000	0.000000	0.000000	-1.44e-06	-1.58e-06	-1.23e-06	-1.06e-06
"2015-08-25 00:00"	0.000000	0.000000	0.000000	0.000000	0.000000	0.000000	0.000000	0.000000	0.000000	0.000000	0.000000	0.000000
"2015-08-26 00:00"	0.000000	0.000000	0.000000	0.000000	0.000000	0.000000	0.000000	0.000000	0.000000	0.000000	0.000000	0.000000
"2015-08-27 00:00"	0.000000	0.000000	0.000000	0.000000	0.000000	0.000000	0.000000	0.000000	0.000000	0.000000	0.000000	0.000000
"2015-08-28 00:00"	0.000000	0.000000	0.000000	0.000000	0.000000	0.000000	0.000000	0.000000	0.000000	0.000000	0.000000	0.000000
"2015-08-29 00:00"	0.000000	0.000000	0.000000	0.000000	0.000000	0.000000	0.000000	0.000000	0.000000	0.000000	0.000000	0.000000
"2015-08-30 00:00"	0.000000	0.000000	0.000000	0.000000	0.000000	0.000000	0.000000	0.000000	0.000000	0.000000	0.000000	0.000000
"2015-08-31 00:00"	0.000000	0.000000	0.000000	0.000000	0.000000	0.000000	0.000000	0.000000	0.000000	0.000000	0.000000	0.000000
"2015-09-01 00:00"	0.000000	0.000000	0.000000	0.000000	0.000000	0.000000	0.000000	-6.08e-07	-5.32e-07	-4.07e-07	-4.08e-07	-3.63e-07
"2015-09-02 00:00"	0.000000	0.000000	0.000000	0.000000	0.000000	0.000000	0.000000	0.000000	0.000000	0.000000	0.000000	0.000000
"2015-09-03 00:00"	0.000000	0.000000	0.000000	0.000000	0.000000	0.000000	0.000000	0.000000	0.000000	0.000000	0.000000	0.000000
"2015-09-04 00:00"	0.000000	0.000000	0.000000	0.000000	0.000000	0.000000	0.000000	0.000000	0.000000	0.000000	0.000000	0.000000
"2015-09-05 00:00"	0.000000	0.000000	0.000000	0.000000	0.000000	0.000000	0.000000	0.000000	0.000000	0.000000	0.000000	0.000000
"2015-09-06 00:00"	0.000000	0.000000	0.000000	0.000000	0.000000	0.000000	0.000000	0.000000	0.000000	0.000000	0.000000	0.000000
"2015-09-07 00:00"	0.000000	0.000000	0.000000	0.000000	0.000000	0.000000	0.000000	0.000000	0.000000	0.000000	0.000000	0.000000
"2015-09-08 00:00"	0.000000	0.000000	0.000000	0.000000	0.000000	0.000000	0.000000	-4.74e-07	-4.75e-07	-3.57e-07	-3.57e-07	-3.32e-07
"2015-09-09 00:00"	0.000000	0.000000	0.000000	0.000000	0.000000	0.000000	0.000000	0.000000	0.000000	0.000000	0.000000	0.000000
"2015-09-10 00:00"	0.000000	0.000000	0.000000	0.000000	0.000000	0.000000	0.000000	0.000000	0.000000	0.000000	0.000000	0.000000
"2015-09-11 00:00"	0.000000	0.000000	0.000000	0.000000	0.000000	0.000000	0.000000	0.000000	0.000000	0.000000	0.000000	0.000000
"2015-09-12 00:00"	0.000000	0.000000	0.000000	0.000000	0.000000	0.000000	0.000000	0.000000	0.000000	0.000000	0.000000	0.000000
"2015-09-13 00:00"	0.000000	0.000000	0.000000	0.000000	0.000000	0.000000	0.000000	0.000000	0.000000	0.000000	0.000000	0.000000
"2015-09-14 00:00"	0.000000	0.000000	0.000000	0.000000	0.000000	0.000000	0.000000	0.000000	0.000000	0.000000	0.000000	0.000000
"2015-09-15 00:00"	0.000000	0.000000	0.000000	0.000000	0.000000	0.000000	0.000000	0.000000	0.000000	0.000000	0.000000	0.000000
"2015-09-16 00:00"	0.000000	0.000000	0.000000	0.000000	0.000000	0.000000	0.000000	0.000000	0.000000	0.000000	0.000000	0.000000
"2015-09-17 00:00"	0.000000	0.000000	0.000000	0.000000	0.000000	0.000000	0.000000	0.000000	0.000000	0.000000	0.000000	0.000000
"2015-09-18 00:00"	0.000000	0.000000	0.000000	0.000000	0.000000	0.000000	0.000000	0.000000	0.000000	0.000000	0.000000	0.000000
"2015-09-19 00:00"	0.000000	0.000000	0.000000	0.000000	0.000000	0.000000	0.000000	0.000000	0.000000	0.000000	0.000000	0.000000
"2015-09-20 00:00"	0.000000	0.000000	0.000000	0.000000	0.000000	0.000000	0.000000	0.000000	0.000000	0.000000	0.000000	0.000000
"2015-09-21 00:00"	0.000000	0.000000	0.000000	0.000000	0.000000	0.000000	0.000000	0.000000	0.000000	0.000000	0.000000	0.000000
"2015-09-22 00:00"	0.000000	0.000000	0.000000	0.000000	0.000000	0.000000	0.000000	0.000000	0.000000	0.000000	0.000000	0.000000
"2015-09-23 00:00"	0.000000	0.000000	0.000000	0.000000	0.000000	0.000000	0.000000	0.000000	0.000000	0.000000	0.000000	0.000000
"2015-09-24 00:00"	0.000000	0.000000	0.000000	0.000000	0.000000	0.000000	0.000000	-6.82e-07	-6.86e-07	-5.16e-07	-5.16e-07	-4.79e-07
"2015-09-25 00:00"	0.000000	0.000000	0.000000	0.000000	0.000000	0.000000	0.000000	0.000000	0.000000	0.000000	0.000000	0.000000
"2015-09-26 00:00"	0.000000	0.000000	0.000000	0.000000	0.000000	0.000000	0.000000	-7.06e-06	-7.07e-06	-5.32e-06	-5.32e-06	-4.94e-06
"2015-09-27 00:00"	0.000000	0.000000	0.000000	0.000000	0.000000	0.000000	0.000000	0.000000	0.000000	0.000000	0.000000	0.000000
"2015-09-28 00:00"	0.000000	0.000000	0.000000	0.000000	0.000000	0.000000	0.000000	0.000000	0.000000	0.000000	0.000000	0.000000
"2015-09-29 00:00"	0.000000	0.000000	0.000000	0.000000	0.000000	0.000000	0.000000	0.000000	0.000000	0.000000	0.000000	0.000000
"2015-09-30 00:00"	0.000000	0.000000	0.000000	0.000000	0.000000	0.000000	0.000000	0.000000	0.000000	0.000000	0.000000	0.000000
"2015-10-01 00:00"	0.000000	0.000000	0.000000	0.000000	0.000000	0.000000	0.000000	0.000000	0.000000	0.000000	0.000000	0.000000
"2015-10-02 00:00"	0.000000	0.000000	0.000000	0.000000	0.000000	0.000000	0.000000	0.000000	0.000000	0.000000	0.000000	0.000000
"2015-10-03 00:00"	0.000000	0.000000	0.000000	0.000000	0.000000	0.000000	0.000000	0.000000	0.000000	0.000000	0.000000	0.000000
"2015-10-04 00:00"	0.000000	0.000000	0.000000	0.000000	0.000000	0.000000	0.000000	0.000000	0.000000	0.000000	0.000000	0.000000
"2015-10-05 00:00"	0.000000	0.000000	0.000000	0.000000	0.000000	0.000000	0.000000	0.000000	0.000000	0.000000	0.000000	0.000000
"2015-10-06 00:00"	0.000000	0.000000	0.000000	0.000000	0.000000	0.000000	0.000000	0.000000	0.000000	0.000000	0.000000	0.000000
"2015-10-07 00:00"	0.000000	0.000000	0.000000	0.000000	0.000000	0.000000	0.000000	0.000000	0.000000	0.000000	0.000000	0.000000
"2015-10-08 00:00"	0.000000	0.000000	0.000000	0.000000	0.000000	0.000000	0.000000	0.000000	0.000000	0.000000	0.000000	0.000000
"2015-10-09 00:00"	0.000000	0.000000	0.000000	0.000000	0.000000	0.000000	0.000000	0.000000	0.000000	0.000000	0.000000	0.000000
"2015-10-10 00:00"	0.000000	0.000000	0.000000	0.000000	0.000000	0.000000	0.000000	0.000000	0.000000	0.000000	0.000000	0.000000
"2015-10-11 00:00"	0.000000	0.000000	0.000000	0.000000	0.000000	0.000000	0.000000	0.000000	0.000000	0.000000	0.000000	0.000000
"2015-10-12 00:00"	0.000000	0.000000	0.000000	0.000000	0.000000	0.000000	0.000000	0.000000	0.000000	0.000000	0.000000	0.000000
"2015-10-13 00:00"	0.000000	0.000000	0.000000	0.000000	0.000000	0.000000	0.000000	0.000000	0.000000	0.000000	0.000000	0.000000
"2015-10-14 00:00"	0.000000	0.000000	0.000000	0.000000	0.000000	0.000000	0.000000	-2.79e-05	-3.82e-05	-3.32e-05	-2.84e-05	-1.05e-05
"2015-10-15 00:00"	0.000000	0.000000	0.000000	0.000000	0.000000	0.000000	0.000000	-2.32e-05	-2.73e-05	-2.02e-05	-2.02e-05	-1.87e-05
"2015-10-16 00:00"	0.000000	0.000000	0.000000	0.000000	0.000000	0.000000	0.000000	-4.05e-05	-4.05e-05	-3.05e-05	-3.05e-05	-2.83e-05
"2015-10-17 00:00"	0.000000	0.000000	0.000000	0.000000	0.000000	0.000000	0.000000	0.000000	0.000000	0.000000	0.000000	0.000000
"2015-10-18 00:00"	0.000000	0.000000	0.000000	0.000000	0.000000	0.000000	0.000000	0.000000	0.000000	0.000000	0.000000	0.000000
"2015-10-19 00:00"	0.000000	0.000000	0.000000	0.000000	0.000000	0.000000	0.000000	0.000000	0.000000	0.000000	0.000000	0.000000
"2015-10-20 00:00"	0.000000	0.000000	0.000000	0.000000	0.000000	0.000000	0.000000	0.000000	0.000000	0.000000	0.000000	0.000000
"2015-10-21 00:00"	0.000000	0.000000	0.000000	0.000000	0.000000	0.000000	0.000000	0.000000	0.000000	0.000000	0.000000	0.000000
"2015-10-22 00:00"	0.000000	0.000000	0.000000	0.000000	0.000000	0.000000	0.000000	0.000000	0.000000	0.000000	0.000000	0.000000
"2015-10-23 00:00"	0.000000	0.000000	0.000000	0.000000	0.000000	0.000000	0.000000	0.000000	0.000000	0.000000	0.000000	0.000000
"2015-10-24 00:00"	0.000000	0.000000	0.000000	0.000000	0.000000	0.000000	0.000000	0.000000	0.000000	0.000000	0.000000	0.000000
"2015-10-25 00:00"	0.000000	0.000000	0.000000	0.000000	0.000000	0.000000	0.000000	0.000000	0.000000	0.000000	0.000000	0.000000
"2015-10-26 00:00"	0.000000	0.000000	0.000000	0.000000	0.000000	0.000000	0.000000	0.000000	0.000000	0.000000	0.000000	0.000000
"2015-10-27 00:00"	0.000000	0.000000	0.000000	0.000000	0.000000	0.000000	0.000000	0.000000	0.000000	0.000000	0.000000	0.000000
"2015-10-28 00:00"	0.000000	0.000000	0.000000	0.000000	0.000000	0.000000	0.000000	0.000000	0.000000	0.000000	0.000000	0.000000
"2015-10-29 00:00"	0.000000	0.000000	0.000000	0.000000	0.000000	0.000000	0.000000	0.000000	0.000000	0.000000	0.000000	0.000000
"2015-10-30 00:00"	0.000000	0.000000	0.000000	0.000000	0.000000	0.000000	0.000000	0.000000	0.000000	0.000000	0.000000	0.000000
"2015-10-31 00:00"	0.000000	0.000000	0.000000	0.000000	0.000000	0.000000	0.000000	0.000000	0.000000	0.000000	0.000000	0.000000
"2015-11-01 00:00"	0.000000	0.000000	0.000000	0.000000	0.000000	0.000000	0.000000	0.000000	0.000000	0.000000	0.000000	0.000000
"2015-11-02 00:00"	0.000000	0.000000	0.000000	0.000000	0.000000	0.000000	0.000000	0.000000	0.000000	0.000000	0.000000	0.000000
"2015-11-03 00:00"	0.000000	0.000000	0.000000	0.000000	0.000000	0.000000	0.000000	0.000000	0.000000	0.000000	0.000000	0.000000
"2015-11-04 00:00"	0.000000	0.000000	0.000000	0.000000	0.000000	0.000000	0.000000	0.000000	0.000000	0.000000	0.000000	0.000000
"2015-11-05 00:00"	0.000000	0.000000	0.000000	0.000000	0.000000	0.000000	0.000000	0.000000	0.000000	0.000000	0.000000	0.000000
"2015-11-06 00:00"	0.000000	0.000000	0.000000	0.000000	0.000000	0.000000	0.000000	0.000000	0.000000	0.000000	0.000000	0.000000
"2015-11-07 00:00"	0.000000	0.000000	0.000000	0.000000	0.000000	0.000000	0.000000	0.000000	0.000000	0.000000	0.000000	0.000000
"2015-11-08 00:00"	0.000000	0.000000	0.000000	0.000000	0.000000	0.000000	0.000000	-7.08e-06	-7.08e-06	-5.33e-06	-5.33e-06	-4.95e-06
"2015-11-09 00:00"	0.000000	0.000000	0.000000	0.000000	0.000000	0.000000	0.000000	0.000000	0.000000	0.000000	0.000000	0.000000
"2015-11-10 00:00"	0.000000	0.000000	0.000000	0.000000	0.000000	0.000000	0.000000	0.000000	0.000000	0.000000	0.000000	0.000000
"2015-11-11 00:00"	0.000000	0.000000	0.000000	0.000000	0.000000	0.000000	0.000000	0.000000	0.000000	0.000000	0.000000	0.000000
"2015-11-12 00:00"	0.000000	0.000000	0.000000	0.000000	0.000000	0.000000	0.000000	0.000000	0.000000	0.000000	0.000000	0.000000
"2015-11-13 00:00"	0.000000	0.000000	0.000000	0.000000	0.000000	0.000000	0.000000	0.000000	0.000000	0.000000	0.000000	0.000000
"2015-11-14 00:00"	0.000000	0.000000	0.000000	0.000000	0.000000	0.000000	0.000000	0.000000	0.000000	0.000000	0.000000	0.000000
"2015-11-15 00:00"	0.000000	0.000000	0.000000	0.000000	0.000000	0.000000	0.000000	0.000000	0.000000	0.000000	0.000000	0.000000
"2015-11-16 00:00"	0.000000	0.000000	0.000000	0.000000	0.000000	0.000000	0.000000	0.000000	0.000000	0.000000	0.000000	0.000000
"2015-11-17 00:00"	0.000000	0.000000	0.000000	0.000000	0.000000	0.000000	0.000000	0.000000	0.000000	0.000000	0.000000	0.000000
"2015-11-18 00:00"	0.000000	0.000000	0.000000	0.000000	0.000000	0.000000	0.000000	0.000000	0.000000	0.000000	0.000000	0.000000
"2015-11-19 00:00"	0.000000	0.000000	0.000000	0.000000	0.000000	0.000000	0.000000	0.000000	0.000000	0.000000	0.000000	0.000000
"2015-11-20 00:00"	0.000000	0.000000	0.000000	0.000000	0.000000	0.000000	0.000000	0.000000	0.000000	0.000000	0.000000	0.000000
"2015-11-21 00:00"	0.000000	0.000000	0.000000	0.000000	0.000000	0.000000	0.000000	0.000000	0.000000	0.000000	0.000000	0.000000
"2015-11-22 00:00"	0.000000	0.000000	0.000000	0.000000	0.000000	0.000000	0.000000	0.000000	0.000000	0.000000	0.000000	0.000000
"2015-11-23 00:00"	0.000000	0.000000	0.000000	0.000000	0.000000	0.000000	0.000000	0.000000	0.000000	0.000000	0.000000	0.000000
"2015-11-24 00:00"	0.000000	0.000000	0.000000	0.000000	0.000000	0.000000	0.000000	0.000000	0.000000	0.000000	0.000000	0.000000
"2015-11-25 00:00"	0.000000	0.000000	0.000000	0.000000	0.000000	0.000000	0.000000	0.000000	0.000000	0.000000	0.000000	0.000000
"2015-11-26 00:00"	0.000000	0.000000	0.000000	0.000000	0.000000	0.000000	0.000000	0.000000	0.000000	0.000000	0.000000	0.000000
"2015-11-27 00:00"	0.000000	0.000000	0.000000	0.000000	0.000000	0.000000	0.000000	0.000000	0.000000	0.000000	0.000000	0.000000
"2015-11-28 00:00"	0.000000	0.000000	0.000000	0.000000	0.000000	0.000000	0.000000	0.000000	0.000000	0.000000	0.000000	0.000000
"2015-11-29 00:00"	0.000000	0.000000	0.000000	0.000000	0.000000	0.000000	0.000000	-9.36e-06	-9.36e-06	-7.04e-06	-7.04e-06	-6.53e-06
"2015-11-30 00:00"	0.000000	0.000000	0.000000	0.000000	0.000000	0.000000	0.000000	0.000000	0.000000	0.000000	0.000000	0.000000
"2015-12-01 00:00"	0.000000	0.000000	0.000000	0.000000	0.000000	0.000000	0.000000	0.000000	0.000000	0.000000	0.000000	0.000000
"2015-12-02 00:00"	0.000000	0.000000	0.000000	0.000000	0.000000	0.000000	0.000000	-2.67e-06	-2.67e-06	-2.01e-06	-2.01e-06	-1.86e-06
"2015-12-03 00:00"	0.000000	0.000000	0.000000	0.000000	0.000000	0.000000	0.000000	0.000000	0.000000	0.000000	0.000000	0.000000
"2015-12-04 00:00"	0.000000	0.000000	0.000000	0.000000	0.000000	0.000000	0.000000	0.000000	0.000000	0.000000	0.000000	0.000000
"2015-12-05 00:00"	0.000000	0.000000	0.000000	0.000000	0.000000	0.000000	0.000000	0.000000	0.000000	0.000000	0.000000	0.000000
"2015-12-06 00:00"	0.000000	0.000000	0.000000	0.000000	0.000000	0.000000	0.000000	0.000000	0.000000	0.000000	0.000000	0.000000
"2015-12-07 00:00"	0.000000	0.000000	0.000000	0.000000	0.000000	0.000000	0.000000	0.000000	0.000000	0.000000	0.000000	0.000000
"2015-12-08 00:00"	0.000000	0.000000	0.000000	0.000000	0.000000	0.000000	0.000000	0.000000	0.000000	0.000000	0.000000	0.000000
"2015-12-09 00:00"	0.000000	0.000000	0.000000	0.000000	0.000000	0.000000	0.000000	0.000000	0.000000	0.000000	0.000000	0.000000
"2015-12-10 00:00"	0.000000	0.000000	0.000000	0.000000	0.000000	0.000000	0.000000	0.000000	0.000000	0.000000	0.000000	0.000000
"2015-12-11 00:00"	0.000000	0.000000	0.000000	0.000000	0.000000	0.000000	0.000000	0.000000	0.000000	0.000000	0.000000	0.000000
"2015-12-12 00:00"	0.000000	0.000000	0.000000	0.000000	0.000000	0.000000	0.000000	0.000000	0.000000	0.000000	0.000000	0.000000
"2015-12-13 00:00"	0.000000	0.000000	0.000000	0.000000	0.000000	0.000000	0.000000	0.000000	0.000000	0.000000	0.000000	0.000000
"2015-12-14 00:00"	0.000000	0.000000	0.000000	0.000000	0.000000	0.000000	0.000000	0.000000	0.000000	0.000000	0.000000	0.000000
"2015-12-15 00:00"	0.000000	0.000000	0.000000	0.000000	0.000000	0.000000	0.000000	-4.72e-07	-4.72e-07	-3.55e-07	-3.55e-07	-3.30e-07
"2015-12-16 00:00"	0.000000	0.000000	0.000000	0.000000	0.000000	0.000000	0.000000	-8.98e-06	-8.98e-06	-6.75e-06	-6.75e-06	-6.27e-06
"2015-12-17 00:00"	0.000000	0.000000	0.000000	0.000000	0.000000	0.000000	0.000000	0.000000	0.000000	0.000000	0.000000	0.000000
"2015-12-18 00:00"	0.000000	0.000000	0.000000	0.000000	0.000000	0.000000	0.000000	0.000000	0.000000	0.000000	0.000000	0.000000
"2015-12-19 00:00"	0.000000	0.000000	0.000000	0.000000	0.000000	0.000000	0.000000	0.000000	0.000000	0.000000	0.000000	0.000000
"2015-12-20 00:00"	0.000000	0.000000	0.000000	0.000000	0.000000	0.000000	0.000000	0.000000	0.000000	0.000000	0.000000	0.000000
"2015-12-21 00:00"	0.000000	0.000000	0.000000	0.000000	0.000000	0.000000	0.000000	0.000000	0.000000	0.000000	0.000000	0.000000
"2015-12-22 00:00"	0.000000	0.000000	0.000000	0.000000	0.000000	0.000000	0.000000	0.000000	0.000000	0.000000	0.000000	0.000000
"2015-12-23 00:00"	0.000000	0.000000	0.000000	0.000000	0.000000	0.000000	0.000000	0.000000	0.000000	0.000000	0.000000	0.000000
"2015-12-24 00:00"	0.000000	0.000000	0.000000	0.000000	0.000000	0.000000	0.000000	0.000000	0.000000	0.000000	0.000000	0.000000
"2015-12-25 00:00"	0.000000	0.000000	0.000000	0.000000	0.000000	0.000000	0.000000	0.000000	0.000000	0.000000	0.000000	0.000000
"2015-12-26 00:00"	0.000000	0.000000	0.000000	0.000000	0.000000	0.000000	0.000000	0.000000	0.000000	0.000000	0.000000	0.000000
"2015-12-27 00:00"	0.000000	0.000000	0.000000	0.000000	0.000000	0.000000	0.000000	0.000000	0.000000	0.000000	0.000000	0.000000
"2015-12-28 00:00"	0.000000	0.000000	0.000000	0.000000	0.000000	0.000000	0.000000	0.000000	0.000000	0.000000	0.000000	0.000000
"2015-12-29 00:00"	0.000000	0.000000	0.000000	0.000000	0.000000	0.000000	0.000000	0.000000	0.000000	0.000000	0.000000	0.000000
"2015-12-30 00:00"	0.000000	0.000000	0.000000	0.000000	0.000000	0.000000	0.000000	0.000000	0.000000	0.000000	0.000000	0.000000
"2015-12-31 00:00"	0.000000	0.000000	0.000000	0.000000	0.000000	0.000000	0.000000	-5.04e-07	-5.04e-07	-3.79e-07	-3.79e-07	-3.52e-07
"2016-01-01 00:00"	0.000000	0.000000	0.000000	0.000000	0.000000	0.000000	0.000000	0.000000	0.000000	0.000000	0.000000	0.000000
"2016-01-02 00:00"	0.000000	0.000000	0.000000	0.000000	0.000000	0.000000	0.000000	0.000000	0.000000	0.000000	0.000000	0.000000
"2016-01-03 00:00"	0.000000	0.000000	0.000000	0.000000	0.000000	0.000000	0.000000	0.000000	0.000000	0.000000	0.000000	0.000000
"2016-01-04 00:00"	0.000000	0.000000	0.000000	0.000000	0.000000	0.000000	0.000000	0.000000	0.000000	0.000000	0.000000	0.000000
"2016-01-05 00:00"	0.000000	0.000000	0.000000	0.000000	0.000000	0.000000	0.000000	0.000000	0.000000	0.000000	0.000000	0.000000
"2016-01-06 00:00"	0.000000	0.000000	0.000000	0.000000	0.000000	0.000000	0.000000	0.000000	0.000000	0.000000	0.000000	0.000000
"2016-01-07 00:00"	0.000000	0.000000	0.000000	0.000000	0.000000	0.000000	0.000000	0.000000	0.000000	0.000000	0.000000	0.000000
"2016-01-08 00:00"	0.000000	0.000000	0.000000	0.000000	0.000000	0.000000	0.000000	-4.18e-06	-4.20e-06	-3.16e-06	-3.16e-06	-2.93e-06
"2016-01-09 00:00"	0.000000	0.000000	0.000000	0.000000	0.000000	0.000000	0.000000	0.000000	0.000000	0.000000	0.000000	0.000000
"2016-01-10 00:00"	0.000000	0.000000	0.000000	0.000000	0.000000	0.000000	0.000000	0.000000	0.000000	0.000000	0.000000	0.000000
"2016-01-11 00:00"	0.000000	0.000000	0.000000	0.000000	0.000000	0.000000	0.000000	0.000000	0.000000	0.000000	0.000000	0.000000
"2016-01-12 00:00"	0.000000	0.000000	0.000000	0.000000	0.000000	0.000000	0.000000	0.000000	0.000000	0.000000	0.000000	0.000000
"2016-01-13 00:00"	0.000000	0.000000	0.000000	0.000000	0.000000	0.000000	0.000000	0.000000	0.000000	0.000000	0.000000	0.000000
"2016-01-14 00:00"	0.000000	0.000000	0.000000	0.000000	0.000000	0.000000	0.000000	0.000000	0.000000	0.000000	0.000000	0.000000
"2016-01-15 00:00"	0.000000	0.000000	0.000000	0.000000	0.000000	0.000000	0.000000	-6.30e-06	-6.31e-06	-4.75e-06	-4.75e-06	-4.41e-06
"2016-01-16 00:00"	0.000000	0.000000	0.000000	0.000000	0.000000	0.000000	0.000000	0.000000	0.000000	0.000000	0.000000	0.000000
"2016-01-17 00:00"	0.000000	0.000000	0.000000	0.000000	0.000000	0.000000	0.000000	0.000000	0.000000	0.000000	0.000000	0.000000
"2016-01-18 00:00"	0.000000	0.000000	0.000000	0.000000	0.000000	0.000000	0.000000	-3.27e-06	-3.32e-06	-2.50e-06	-2.49e-06	-2.32e-06
"2016-01-19 00:00"	0.000000	0.000000	0.000000	0.000000	0.000000	0.000000	0.000000	0.000000	0.000000	0.000000	0.000000	0.000000
"2016-01-20 00:00"	0.000000	0.000000	0.000000	0.000000	0.000000	0.000000	0.000000	0.000000	0.000000	0.000000	0.000000	0.000000
"2016-01-21 00:00"	0.000000	0.000000	0.000000	0.000000	0.000000	0.000000	0.000000	0.000000	0.000000	0.000000	0.000000	0.000000
"2016-01-22 00:00"	0.000000	0.000000	0.000000	0.000000	0.000000	0.000000	0.000000	-1.23e-05	-1.24e-05	-9.41e-06	-9.58e-06	-8.98e-06
"2016-01-23 00:00"	0.000000	0.000000	0.000000	0.000000	0.000000	0.000000	0.000000	-5.29e-07	-5.29e-07	-3.98e-07	-3.98e-07	-3.70e-07
"2016-01-24 00:00"	0.000000	0.000000	0.000000	0.000000	0.000000	0.000000	0.000000	0.000000	0.000000	0.000000	0.000000	0.000000
"2016-01-25 00:00"	0.000000	0.000000	0.000000	0.000000	0.000000	0.000000	0.000000	0.000000	0.000000	0.000000	0.000000	0.000000
"2016-01-26 00:00"	0.000000	0.000000	0.000000	0.000000	0.000000	0.000000	0.000000	-2.06e-05	-2.06e-05	-1.55e-05	-1.55e-05	-1.44e-05
"2016-01-27 00:00"	0.000000	0.000000	0.000000	0.000000	0.000000	0.000000	0.000000	0.000000	0.000000	0.000000	0.000000	0.000000
"2016-01-28 00:00"	0.000000	0.000000	0.000000	0.000000	0.000000	0.000000	0.000000	0.000000	0.000000	0.000000	0.000000	0.000000
"2016-01-29 00:00"	0.000000	0.000000	0.000000	0.000000	0.000000	0.000000	0.000000	0.000000	0.000000	0.000000	0.000000	0.000000
"2016-01-30 00:00"	0.000000	0.000000	0.000000	0.000000	0.000000	0.000000	0.000000	-5.47e-06	-5.54e-06	-4.09e-06	-4.27e-06	-4.05e-06
"2016-01-31 00:00"	0.000000	0.000000	0.000000	0.000000	0.000000	0.000000	0.000000	0.000000	0.000000	0.000000	0.000000	0.000000
"2016-02-01 00:00"	0.000000	0.000000	0.000000	0.000000	0.000000	0.000000	0.000000	0.000000	0.000000	0.000000	0.000000	0.000000
"2016-02-02 00:00"	0.000000	0.000000	0.000000	0.000000	0.000000	0.000000	0.000000	0.000000	0.000000	0.000000	0.000000	0.000000
"2016-02-03 00:00"	0.000000	0.000000	0.000000	0.000000	0.000000	0.000000	0.000000	0.000000	0.000000	0.000000	0.000000	0.000000
"2016-02-04 00:00"	0.000000	0.000000	0.000000	0.000000	0.000000	0.000000	0.000000	0.000000	0.000000	0.000000	0.000000	0.000000
"2016-02-05 00:00"	0.000000	0.000000	0.000000	0.000000	0.000000	0.000000	0.000000	0.000000	0.000000	0.000000	0.000000	0.000000
"2016-02-06 00:00"	0.000000	0.000000	0.000000	0.000000	0.000000	0.000000	0.000000	0.000000	0.000000	0.000000	0.000000	0.000000
"2016-02-07 00:00"	0.000000	0.000000	0.000000	0.000000	0.000000	0.000000	0.000000	0.000000	0.000000	0.000000	0.000000	0.000000
"2016-02-08 00:00"	0.000000	0.000000	0.000000	0.000000	0.000000	0.000000	0.000000	0.000000	0.000000	0.000000	0.000000	0.000000
"2016-02-09 00:00"	0.000000	0.000000	0.000000	0.000000	0.000000	0.000000	0.000000	0.000000	0.000000	0.000000	0.000000	0.000000
"2016-02-10 00:00"	0.000000	0.000000	0.000000	0.000000	0.000000	0.000000	0.000000	-2.71e-06	-2.71e-06	-2.04e-06	-2.04e-06	-1.90e-06
"2016-02-11 00:00"	0.000000	0.000000	0.000000	0.000000	0.000000	0.000000	0.000000	0.000000	0.000000	0.000000	0.000000	0.000000
"2016-02-12 00:00"	0.000000	0.000000	0.000000	0.000000	0.000000	0.000000	0.000000	-5.10e-07	-5.10e-07	-3.84e-07	-3.84e-07	-3.56e-07
"2016-02-13 00:00"	0.000000	0.000000	0.000000	0.000000	0.000000	0.000000	0.000000	0.000000	0.000000	0.000000	0.000000	0.000000
"2016-02-14 00:00"	0.000000	0.000000	0.000000	0.000000	0.000000	0.000000	0.000000	0.000000	0.000000	0.000000	0.000000	0.000000
"2016-02-15 00:00"	0.000000	0.000000	0.000000	0.000000	0.000000	0.000000	0.000000	0.000000	0.000000	0.000000	0.000000	0.000000
"2016-02-16 00:00"	0.000000	0.000000	0.000000	0.000000	0.000000	0.000000	0.000000	0.000000	0.000000	0.000000	0.000000	0.000000
"2016-02-17 00:00"	0.000000	0.000000	0.000000	0.000000	0.000000	0.000000	0.000000	0.000000	0.000000	0.000000	0.000000	0.000000
"2016-02-18 00:00"	0.000000	0.000000	0.000000	0.000000	0.000000	0.000000	0.000000	0.000000	0.000000	0.000000	0.000000	0.000000
"2016-02-19 00:00"	0.000000	0.000000	0.000000	0.000000	0.000000	0.000000	0.000000	0.000000	0.000000	0.000000	0.000000	0.000000
"2016-02-20 00:00"	0.000000	0.000000	0.000000	0.000000	0.000000	0.000000	0.000000	0.000000	0.000000	0.000000	0.000000	0.000000
"2016-02-21 00:00"	0.000000	0.000000	0.000000	0.000000	0.000000	0.000000	0.000000	0.000000	0.000000	0.000000	0.000000	0.000000
"2016-02-22 00:00"	0.000000	0.000000	0.000000	0.000000	0.000000	0.000000	0.000000	0.000000	0.000000	0.000000	0.000000	0.000000
"2016-02-23 00:00"	0.000000	0.000000	0.000000	0.000000	0.000000	0.000000	0.000000	0.000000	0.000000	0.000000	0.000000	0.000000
"2016-02-24 00:00"	0.000000	0.000000	0.000000	0.000000	0.000000	0.000000	0.000000	0.000000	0.000000	0.000000	0.000000	0.000000
"2016-02-25 00:00"	0.000000	0.000000	0.000000	0.000000	0.000000	0.000000	0.000000	0.000000	0.000000	0.000000	0.000000	0.000000
"2016-02-26 00:00"	0.000000	0.000000	0.000000	0.000000	0.000000	0.000000	0.000000	0.000000	0.000000	0.000000	0.000000	0.000000
"2016-02-27 00:00"	0.000000	0.000000	0.000000	0.000000	0.000000	0.000000	0.000000	0.000000	0.000000	0.000000	0.000000	0.000000
"2016-02-28 00:00"	0.000000	0.000000	0.000000	0.000000	0.000000	0.000000	0.000000	0.000000	0.000000	0.000000	0.000000	0.000000
"2016-02-29 00:00"	0.000000	0.000000	0.000000	0.000000	0.000000	0.000000	0.000000	0.000000	0.000000	0.000000	0.000000	0.000000
"2016-03-01 00:00"	0.000000	0.000000	0.000000	0.000000	0.000000	0.000000	0.000000	0.000000	0.000000	0.000000	0.000000	0.000000
"2016-03-02 00:00"	0.000000	0.000000	0.000000	0.000000	0.000000	0.000000	0.000000	0.000000	0.000000	0.000000	0.000000	0.000000
"2016-03-03 00:00"	0.000000	0.000000	0.000000	0.000000	0.000000	0.000000	0.000000	0.000000	0.000000	0.000000	0.000000	0.000000
"2016-03-04 00:00"	0.000000	0.000000	0.000000	0.000000	0.000000	0.000000	0.000000	0.000000	0.000000	0.000000	0.000000	0.000000
"2016-03-05 00:00"	0.000000	0.000000	0.000000	0.000000	0.000000	0.000000	0.000000	0.000000	0.000000	0.000000	0.000000	0.000000
"2016-03-06 00:00"	0.000000	0.000000	0.000000	0.000000	0.000000	0.000000	0.000000	-3.07e-06	-3.07e-06	-2.31e-06	-2.31e-06	-2.14e-06
"2016-03-07 00:00"	0.000000	0.000000	0.000000	0.000000	0.000000	0.000000	0.000000	0.000000	0.000000	0.000000	0.000000	0.000000
"2016-03-08 00:00"	0.000000	0.000000	0.000000	0.000000	0.000000	0.000000	0.000000	0.000000	0.000000	0.000000	0.000000	0.000000
"2016-03-09 00:00"	0.000000	0.000000	0.000000	0.000000	0.000000	0.000000	0.000000	0.000000	0.000000	0.000000	0.000000	0.000000
"2016-03-10 00:00"	0.000000	0.000000	0.000000	0.000000	0.000000	0.000000	0.000000	0.000000	0.000000	0.000000	0.000000	0.000000
"2016-03-11 00:00"	0.000000	0.000000	0.000000	0.000000	0.000000	0.000000	0.000000	-5.47e-05	-4.85e-05	-4.10e-05	-2.50e-05	-2.17e-05
"2016-03-12 00:00"	0.000000	0.000000	0.000000	0.000000	0.000000	0.000000	0.000000	0.000000	0.000000	0.000000	0.000000	0.000000
"2016-03-13 00:00"	0.000000	0.000000	0.000000	0.000000	0.000000	0.000000	0.000000	0.000000	0.000000	0.000000	0.000000	0.000000
"2016-03-14 00:00"	0.000000	0.000000	0.000000	0.000000	0.000000	0.000000	0.000000	0.000000	0.000000	0.000000	0.000000	0.000000
"2016-03-15 00:00"	0.000000	0.000000	0.000000	0.000000	0.000000	0.000000	0.000000	0.000000	0.000000	0.000000	0.000000	0.000000
"2016-03-16 00:00"	0.000000	0.000000	0.000000	0.000000	0.000000	0.000000	0.000000	0.000000	0.000000	0.000000	0.000000	0.000000
"2016-03-17 00:00"	0.000000	0.000000	0.000000	0.000000	0.000000	0.000000	0.000000	0.000000	0.000000	0.000000	0.000000	0.000000
"2016-03-18 00:00"	0.000000	0.000000	0.000000	0.000000	0.000000	0.000000	0.000000	-9.44e-06	-9.43e-06	-7.09e-06	-7.10e-06	-6.60e-06
"2016-03-19 00:00"	0.000000	0.000000	0.000000	0.000000	0.000000	0.000000	0.000000	0.000000	0.000000	0.000000	0.000000	0.000000
"2016-03-20 00:00"	0.000000	0.000000	0.000000	0.000000	0.000000	0.000000	0.000000	0.000000	0.000000	0.000000	0.000000	0.000000
"2016-03-21 00:00"	0.000000	0.000000	0.000000	0.000000	0.000000	0.000000	0.000000	0.000000	0.000000	0.000000	0.000000	0.000000
"2016-03-22 00:00"	0.000000	0.000000	0.000000	0.000000	0.000000	0.000000	0.000000	0.000000	0.000000	0.000000	0.000000	0.000000
"2016-03-23 00:00"	0.000000	0.000000	0.000000	0.000000	0.000000	0.000000	0.000000	0.000000	0.000000	0.000000	0.000000	0.000000
"2016-03-24 00:00"	0.000000	0.000000	0.000000	0.000000	0.000000	0.000000	0.000000	0.000000	0.000000	0.000000	0.000000	0.000000
"2016-03-25 00:00"	0.000000	0.000000	0.000000	0.000000	0.000000	0.000000	0.000000	0.000000	0.000000	0.000000	0.000000	0.000000
"2016-03-26 00:00"	0.000000	0.000000	0.000000	0.000000	0.000000	0.000000	0.000000	0.000000	0.000000	0.000000	0.000000	0.000000
"2016-03-27 00:00"	0.000000	0.000000	0.000000	0.000000	0.000000	0.000000	0.000000	0.000000	0.000000	0.000000	0.000000	0.000000
"2016-03-28 00:00"	0.000000	0.000000	0.000000	0.000000	0.000000	0.000000	0.000000	0.000000	0.000000	0.000000	0.000000	0.000000
"2016-03-29 00:00"	0.000000	0.000000	0.000000	0.000000	0.000000	0.000000	0.000000	-2.46e-06	-2.46e-06	-1.85e-06	-1.85e-06	-1.72e-06
"2016-03-30 00:00"	0.000000	0.000000	0.000000	0.000000	0.000000	0.000000	0.000000	0.000000	0.000000	0.000000	0.000000	0.000000
"2016-03-31 00:00"	0.000000	0.000000	0.000000	0.000000	0.000000	0.000000	0.000000	0.000000	0.000000	0.000000	0.000000	0.000000
"2016-04-01 00:00"	0.000000	0.000000	0.000000	0.000000	0.000000	0.000000	0.000000	0.000000	0.000000	0.000000	0.000000	0.000000
"2016-04-02 00:00"	0.000000	0.000000	0.000000	0.000000	0.000000	0.000000	0.000000	0.000000	0.000000	0.000000	0.000000	0.000000
"2016-04-03 00:00"	0.000000	0.000000	0.000000	0.000000	0.000000	0.000000	0.000000	-3.40e-06	-3.40e-06	-2.56e-06	-2.56e-06	-2.38e-06
"2016-04-04 00:00"	0.000000	0.000000	0.000000	0.000000	0.000000	0.000000	0.000000	-3.31e-06	-3.31e-06	-2.49e-06	-2.49e-06	-2.31e-06
"2016-04-05 00:00"	0.000000	0.000000	0.000000	0.000000	0.000000	0.000000	0.000000	0.000000	0.000000	0.000000	0.000000	0.000000
"2016-04-06 00:00"	0.000000	0.000000	0.000000	0.000000	0.000000	0.000000	0.000000	0.000000	0.000000	0.000000	0.000000	0.000000
"2016-04-07 00:00"	0.000000	0.000000	0.000000	0.000000	0.000000	0.000000	0.000000	0.000000	0.000000	0.000000	0.000000	0.000000
"2016-04-08 00:00"	0.000000	0.000000	0.000000	0.000000	0.000000	0.000000	0.000000	0.000000	0.000000	0.000000	0.000000	0.000000
"2016-04-09 00:00"	0.000000	0.000000	0.000000	0.000000	0.000000	0.000000	0.000000	0.000000	0.000000	0.000000	0.000000	0.000000
"2016-04-10 00:00"	0.000000	0.000000	0.000000	0.000000	0.000000	0.000000	0.000000	0.000000	0.000000	0.000000	0.000000	0.000000
"2016-04-11 00:00"	0.000000	0.000000	0.000000	0.000000	0.000000	0.000000	0.000000	0.000000	0.000000	0.000000	0.000000	0.000000
"2016-04-12 00:00"	0.000000	0.000000	0.000000	0.000000	0.000000	0.000000	0.000000	0.000000	0.000000	0.000000	0.000000	0.000000
"2016-04-13 00:00"	0.000000	0.000000	0.000000	0.000000	0.000000	0.000000	0.000000	0.000000	0.000000	0.000000	0.000000	0.000000
"2016-04-14 00:00"	0.000000	0.000000	0.000000	0.000000	0.000000	0.000000	0.000000	0.000000	0.000000	0.000000	0.000000	0.000000
"2016-04-15 00:00"	0.000000	0.000000	0.000000	0.000000	0.000000	0.000000	0.000000	-6.24e-06	-6.24e-06	-4.69e-06	-4.69e-06	-4.36e-06
"2016-04-16 00:00"	0.000000	0.000000	0.000000	0.000000	0.000000	0.000000	0.000000	0.000000	0.000000	0.000000	0.000000	0.000000
"2016-04-17 00:00"	0.000000	0.000000	0.000000	0.000000	0.000000	0.000000	0.000000	0.000000	0.000000	0.000000	0.000000	0.000000
"2016-04-18 00:00"	0.000000	0.000000	0.000000	0.000000	0.000000	0.000000	0.000000	0.000000	0.000000	0.000000	0.000000	0.000000
"2016-04-19 00:00"	0.000000	0.000000	0.000000	0.000000	0.000000	0.000000	0.000000	-6.52e-04	-1.02e-06	-7.68e-07	-7.68e-07	-7.14e-07
"2016-04-20 00:00"	0.000000	0.000000	0.000000	0.000000	0.000000	0.000000	0.000000	-9.51e-04	0.000000	0.000000	0.000000	0.000000
"2016-04-21 00:00"	0.000000	0.000000	0.000000	0.000000	0.000000	0.000000	0.000000	0.000000	0.000000	0.000000	0.000000	0.000000
"2016-04-22 00:00"	0.000000	0.000000	0.000000	0.000000	0.000000	0.000000	0.000000	0.000000	0.000000	0.000000	0.000000	0.000000
"2016-04-23 00:00"	0.000000	0.000000	0.000000	0.000000	0.000000	0.000000	0.000000	0.000000	0.000000	0.000000	0.000000	0.000000
"2016-04-24 00:00"	0.000000	0.000000	0.000000	0.000000	0.000000	0.000000	0.000000	-0.004453	-5.48e-05	-4.12e-05	-4.12e-05	-3.83e-05
"2016-04-25 00:00"	0.000000	0.000000	0.000000	0.000000	0.000000	0.000000	0.000000	0.000000	0.000000	0.000000	0.000000	0.000000
"2016-04-26 00:00"	0.000000	0.000000	0.000000	0.000000	0.000000	0.000000	0.000000	0.000000	0.000000	0.000000	0.000000	0.000000
"2016-04-27 00:00"	0.000000	0.000000	0.000000	0.000000	0.000000	0.000000	0.000000	0.000000	0.000000	0.000000	0.000000	0.000000
"2016-04-28 00:00"	0.000000	0.000000	0.000000	0.000000	0.000000	0.000000	0.000000	0.000000	0.000000	0.000000	0.000000	0.000000
"2016-04-29 00:00"	0.000000	0.000000	0.000000	0.000000	0.000000	0.000000	0.000000	-9.45e-06	-9.45e-06	-7.11e-06	-7.11e-06	-6.60e-06
"2016-04-30 00:00"	0.000000	0.000000	0.000000	0.000000	0.000000	0.000000	0.000000	0.000000	0.000000	0.000000	0.000000	0.000000
"2016-05-01 00:00"	0.000000	0.000000	0.000000	0.000000	0.000000	0.000000	0.000000	0.000000	0.000000	0.000000	0.000000	0.000000
"2016-05-02 00:00"	0.000000	0.000000	0.000000	0.000000	0.000000	0.000000	0.000000	0.000000	0.000000	0.000000	0.000000	0.000000
"2016-05-03 00:00"	0.000000	0.000000	0.000000	0.000000	0.000000	0.000000	0.000000	-4.73e-06	-4.73e-06	-3.55e-06	-3.55e-06	-3.30e-06
"2016-05-04 00:00"	0.000000	0.000000	0.000000	0.000000	0.000000	0.000000	0.000000	0.000000	0.000000	0.000000	0.000000	0.000000
"2016-05-05 00:00"	0.000000	0.000000	0.000000	0.000000	0.000000	0.000000	0.000000	0.000000	0.000000	0.000000	0.000000	0.000000
"2016-05-06 00:00"	0.000000	0.000000	0.000000	0.000000	0.000000	0.000000	0.000000	0.000000	0.000000	0.000000	0.000000	0.000000
"2016-05-07 00:00"	0.000000	0.000000	0.000000	0.000000	0.000000	0.000000	0.000000	0.000000	0.000000	0.000000	0.000000	0.000000
"2016-05-08 00:00"	0.000000	0.000000	0.000000	0.000000	0.000000	0.000000	0.000000	0.000000	0.000000	0.000000	0.000000	0.000000
"2016-05-09 00:00"	0.000000	0.000000	0.000000	0.000000	0.000000	0.000000	0.000000	0.000000	0.000000	0.000000	0.000000	0.000000
"2016-05-10 00:00"	0.000000	0.000000	0.000000	0.000000	0.000000	0.000000	0.000000	0.000000	0.000000	0.000000	0.000000	0.000000
"2016-05-11 00:00"	0.000000	0.000000	0.000000	0.000000	0.000000	0.000000	0.000000	0.000000	0.000000	0.000000	0.000000	0.000000
"2016-05-12 00:00"	0.000000	0.000000	0.000000	0.000000	0.000000	0.000000	0.000000	0.000000	0.000000	0.000000	0.000000	0.000000
"2016-05-13 00:00"	0.000000	0.000000	0.000000	0.000000	0.000000	0.000000	0.000000	0.000000	0.000000	0.000000	0.000000	0.000000
"2016-05-14 00:00"	0.000000	0.000000	0.000000	0.000000	0.000000	0.000000	0.000000	0.000000	0.000000	0.000000	0.000000	0.000000
"2016-05-15 00:00"	0.000000	0.000000	0.000000	0.000000	0.000000	0.000000	0.000000	0.000000	0.000000	0.000000	0.000000	0.000000
"2016-05-16 00:00"	0.000000	0.000000	0.000000	0.000000	0.000000	0.000000	0.000000	0.000000	0.000000	0.000000	0.000000	0.000000
"2016-05-17 00:00"	0.000000	0.000000	0.000000	0.000000	0.000000	0.000000	0.000000	0.000000	0.000000	0.000000	0.000000	0.000000
"2016-05-18 00:00"	0.000000	0.000000	0.000000	0.000000	0.000000	0.000000	0.000000	0.000000	0.000000	0.000000	0.000000	0.000000
"2016-05-19 00:00"	0.000000	0.000000	0.000000	0.000000	0.000000	0.000000	0.000000	0.000000	0.000000	0.000000	0.000000	0.000000
"2016-05-20 00:00"	0.000000	0.000000	0.000000	0.000000	0.000000	0.000000	0.000000	0.000000	0.000000	0.000000	0.000000	0.000000
"2016-05-21 00:00"	0.000000	0.000000	0.000000	0.000000	0.000000	0.000000	0.000000	-9.58e-07	-9.58e-07	-7.20e-07	-7.20e-07	-6.69e-07
"2016-05-22 00:00"	0.000000	0.000000	0.000000	0.000000	0.000000	0.000000	0.000000	0.000000	0.000000	0.000000	0.000000	0.000000
"2016-05-23 00:00"	0.000000	0.000000	0.000000	0.000000	0.000000	0.000000	0.000000	0.000000	0.000000	0.000000	0.000000	0.000000
"2016-05-24 00:00"	0.000000	0.000000	0.000000	0.000000	0.000000	0.000000	0.000000	0.000000	0.000000	0.000000	0.000000	0.000000
"2016-05-25 00:00"	0.000000	0.000000	0.000000	0.000000	0.000000	0.000000	0.000000	0.000000	0.000000	0.000000	0.000000	0.000000
"2016-05-26 00:00"	0.000000	0.000000	0.000000	0.000000	0.000000	0.000000	0.000000	0.000000	0.000000	0.000000	0.000000	0.000000
"2016-05-27 00:00"	0.000000	0.000000	0.000000	0.000000	0.000000	0.000000	0.000000	0.000000	0.000000	0.000000	0.000000	0.000000
"2016-05-28 00:00"	0.000000	0.000000	0.000000	0.000000	0.000000	0.000000	0.000000	0.000000	0.000000	0.000000	0.000000	0.000000
"2016-05-29 00:00"	0.000000	0.000000	0.000000	0.000000	0.000000	0.000000	0.000000	0.000000	0.000000	0.000000	0.000000	0.000000
"2016-05-30 00:00"	0.000000	0.000000	0.000000	0.000000	0.000000	0.000000	0.000000	0.000000	0.000000	0.000000	0.000000	0.000000
"2016-05-31 00:00"	0.000000	0.000000	0.000000	0.000000	0.000000	0.000000	0.000000	0.000000	0.000000	0.000000	0.000000	0.000000
"2016-06-01 00:00"	0.000000	0.000000	0.000000	0.000000	0.000000	0.000000	0.000000	0.000000	0.000000	0.000000	0.000000	0.000000
"2016-06-02 00:00"	0.000000	0.000000	0.000000	0.000000	0.000000	0.000000	0.000000	0.000000	0.000000	0.000000	0.000000	0.000000
"2016-06-03 00:00"	0.000000	0.000000	0.000000	0.000000	0.000000	0.000000	0.000000	0.000000	0.000000	0.000000	0.000000	0.000000
"2016-06-04 00:00"	0.000000	0.000000	0.000000	0.000000	0.000000	0.000000	0.000000	0.000000	0.000000	0.000000	0.000000	0.000000
"2016-06-05 00:00"	0.000000	0.000000	0.000000	0.000000	0.000000	0.000000	0.000000	0.000000	0.000000	0.000000	0.000000	0.000000
"2016-06-06 00:00"	0.000000	0.000000	0.000000	0.000000	0.000000	0.000000	0.000000	0.000000	0.000000	0.000000	0.000000	0.000000
"2016-06-07 00:00"	0.000000	0.000000	0.000000	0.000000	0.000000	0.000000	0.000000	-9.21e-07	-9.21e-07	-6.93e-07	-6.93e-07	-6.43e-07
"2016-06-08 00:00"	0.000000	0.000000	0.000000	0.000000	0.000000	0.000000	0.000000	0.000000	0.000000	0.000000	0.000000	0.000000
"2016-06-09 00:00"	0.000000	0.000000	0.000000	0.000000	0.000000	0.000000	0.000000	0.000000	0.000000	0.000000	0.000000	0.000000
"2016-06-10 00:00"	0.000000	0.000000	0.000000	0.000000	0.000000	0.000000	0.000000	0.000000	0.000000	0.000000	0.000000	0.000000
"2016-06-11 00:00"	0.000000	0.000000	0.000000	0.000000	0.000000	0.000000	0.000000	-4.20e-06	-4.21e-06	-3.17e-06	-3.17e-06	-2.94e-06
"2016-06-12 00:00"	0.000000	0.000000	0.000000	0.000000	0.000000	0.000000	0.000000	-2.03e-06	-2.04e-06	-1.54e-06	-1.54e-06	-1.43e-06
"2016-06-13 00:00"	0.000000	0.000000	0.000000	0.000000	0.000000	0.000000	0.000000	0.000000	0.000000	0.000000	0.000000	0.000000
"2016-06-14 00:00"	0.000000	0.000000	0.000000	0.000000	0.000000	0.000000	0.000000	0.000000	0.000000	0.000000	0.000000	0.000000
"2016-06-15 00:00"	0.000000	0.000000	0.000000	0.000000	0.000000	0.000000	0.000000	-1.61e-05	-1.74e-05	-1.30e-05	-1.23e-05	-1.15e-05
