"2015-06-16 00:00"	0.000000	-0.001338	-0.003876	-6.31e-04	0.000000	0.000000	0.000000	0.000000	0.000000	0.000000	0.000000	0.000000
"2015-06-17 00:00"	0.000000	-6.08e-04	-0.002164	-1.59e-04	0.000000	0.000000	-0.001995	-0.001049	-0.005854	-0.003599	-1.12e-06	-0.004773
"2015-06-18 00:00"	0.000000	-3.63e-04	-0.001207	-9.53e-05	0.000000	0.000000	-0.001926	-6.45e-04	-0.006025	-0.003709	0.000000	-0.004910
"2015-06-19 00:00"	0.000000	-4.79e-06	-3.62e-04	-4.03e-06	0.000000	0.000000	0.000000	0.000000	-7.04e-04	-4.44e-04	0.000000	-5.68e-04
"2015-06-20 00:00"	0.000000	-7.12e-05	-8.12e-04	-7.91e-05	0.000000	0.000000	0.000000	0.000000	-0.001663	-0.001045	0.000000	-0.001334
"2015-06-21 00:00"	0.000000	-9.23e-05	-4.64e-04	-6.28e-07	0.000000	0.000000	-7.29e-07	0.000000	-0.003909	-0.003615	0.000000	-0.003186
"2015-06-22 00:00"	0.000000	-5.47e-04	-0.001477	-1.86e-06	0.000000	0.000000	-4.04e-07	0.000000	-0.005688	-0.006784	0.000000	-0.006406
"2015-06-23 00:00"	0.000000	-0.001108	-0.002818	-4.01e-06	0.000000	0.000000	0.000000	0.000000	-0.006260	-0.004914	0.000000	-0.005439
"2015-06-24 00:00"	0.000000	-5.70e-05	-1.80e-04	-1.43e-05	0.000000	0.000000	0.000000	0.000000	-0.006573	-0.004766	0.000000	-0.005458
"2015-06-25 00:00"	0.000000	-3.54e-07	-5.83e-04	-2.65e-07	0.000000	0.000000	0.000000	0.000000	-0.008911	-0.005846	0.000000	-0.007198
"2015-06-26 00:00"	0.000000	-7.21e-04	-0.002001	-2.79e-04	0.000000	0.000000	0.000000	-0.002233	-0.011982	-0.007903	0.000000	-0.010337
"2015-06-27 00:00"	0.000000	-6.24e-04	-0.001823	-2.74e-04	0.000000	0.000000	0.000000	-8.29e-04	-0.006807	-0.004609	0.000000	-0.005817
"2015-06-28 00:00"	0.000000	-9.39e-04	-0.002617	-5.46e-04	0.000000	0.000000	0.000000	0.000000	-0.004457	-0.003296	0.000000	-0.003894
"2015-06-29 00:00"	0.000000	-0.001058	-0.002666	-5.12e-04	0.000000	0.000000	-6.95e-07	0.000000	-0.006152	-0.004273	0.000000	-0.005320
"2015-06-30 00:00"	0.000000	-0.001002	-0.002655	-4.94e-04	0.000000	0.000000	-5.26e-07	0.000000	-0.004962	-0.003119	0.000000	-0.004484
"2015-07-01 00:00"	0.000000	-0.001634	-0.004321	-9.25e-04	0.000000	0.000000	0.000000	0.000000	-0.003572	-0.001825	0.000000	-0.003268
"2015-07-02 00:00"	0.000000	-0.001354	-0.003387	-6.79e-04	0.000000	0.000000	0.000000	0.000000	-0.003649	-0.001210	0.000000	-0.003371
"2015-07-03 00:00"	0.000000	-0.001486	-0.003676	-7.57e-04	0.000000	0.000000	0.000000	0.000000	-0.004242	-0.001342	0.000000	-0.003734
"2015-07-04 00:00"	0.000000	-0.001818	-0.004670	-9.75e-04	0.000000	0.000000	0.000000	0.000000	-0.003135	-8.99e-04	0.000000	-0.002687
"2015-07-05 00:00"	0.000000	-1.20e-04	-1.75e-04	-4.87e-05	0.000000	0.000000	0.000000	0.000000	-0.005279	-0.001158	0.000000	-0.004888
"2015-07-06 00:00"	0.000000	-6.43e-04	-0.001825	-2.02e-06	0.000000	0.000000	0.000000	0.000000	-0.007664	-0.002404	0.000000	-0.007435
"2015-07-07 00:00"	0.000000	-5.69e-04	-0.001478	-1.38e-06	0.000000	0.000000	0.000000	0.000000	-0.004197	-3.79e-04	0.000000	-0.004602
"2015-07-08 00:00"	0.000000	-8.09e-04	-0.001963	-2.21e-04	0.000000	0.000000	0.000000	0.000000	-0.004586	-5.78e-04	0.000000	-0.005170
"2015-07-09 00:00"	0.000000	-4.11e-04	-0.001110	-7.44e-05	0.000000	0.000000	0.000000	0.000000	-0.004260	-6.99e-04	0.000000	-0.005454
"2015-07-10 00:00"	0.000000	-0.001197	-0.002904	-5.05e-04	0.000000	0.000000	0.000000	0.000000	-0.003386	-1.60e-04	0.000000	-0.004520
"2015-07-11 00:00"	0.000000	-7.11e-04	-0.001678	-2.42e-04	0.000000	0.000000	0.000000	0.000000	-0.008554	-0.003586	0.000000	-0.008987
"2015-07-12 00:00"	0.000000	-4.84e-04	-0.001242	-1.93e-05	0.000000	0.000000	0.000000	0.000000	-0.004325	-9.63e-04	0.000000	-0.005465
"2015-07-13 00:00"	0.000000	-1.57e-05	-6.04e-05	0.000000	0.000000	0.000000	0.000000	0.000000	-0.004825	-0.001334	0.000000	-0.005808
"2015-07-14 00:00"	0.000000	-0.001492	-0.003971	-4.46e-04	0.000000	0.000000	0.000000	0.000000	-0.002256	-2.03e-05	0.000000	-0.003528
"2015-07-15 00:00"	0.000000	-0.001461	-0.003450	-7.81e-04	0.000000	0.000000	0.000000	0.000000	-0.001628	-4.83e-06	0.000000	-0.003764
"2015-07-16 00:00"	0.000000	-6.98e-04	-0.001699	-1.98e-04	0.000000	0.000000	0.000000	0.000000	-0.002955	-5.75e-04	0.000000	-0.004424
"2015-07-17 00:00"	0.000000	-2.89e-04	-7.12e-04	-3.54e-05	0.000000	0.000000	-1.17e-06	0.000000	-0.005304	-0.002288	0.000000	-0.006306
"2015-07-18 00:00"	0.000000	-0.001248	-0.003070	-4.26e-04	0.000000	0.000000	0.000000	0.000000	-0.001984	-2.68e-04	0.000000	-0.003263
"2015-07-19 00:00"	0.000000	-2.30e-04	-6.04e-04	-6.32e-07	0.000000	0.000000	-4.83e-07	0.000000	-0.004441	-0.002053	0.000000	-0.005255
"2015-07-20 00:00"	0.000000	-5.34e-04	-0.001334	-1.74e-06	0.000000	0.000000	0.000000	-1.05e-06	-0.002730	-4.83e-04	-1.12e-06	-0.003760
"2015-07-21 00:00"	0.000000	-0.002180	-0.005349	-0.001058	0.000000	0.000000	0.000000	-9.71e-07	-0.003041	-9.30e-04	-7.33e-07	-0.003435
"2015-07-22 00:00"	0.000000	-5.26e-04	-0.001364	-7.09e-05	0.000000	0.000000	0.000000	0.000000	-0.002291	-5.78e-04	0.000000	-0.003439
"2015-07-23 00:00"	0.000000	-3.50e-04	-8.44e-04	-2.67e-07	0.000000	0.000000	-4.37e-07	0.000000	-0.005589	-0.002590	0.000000	-0.005331
"2015-07-24 00:00"	0.000000	-6.18e-04	-0.001550	-1.22e-05	0.000000	0.000000	0.000000	0.000000	-0.002931	-7.46e-04	0.000000	-0.003581
"2015-07-25 00:00"	0.000000	-5.56e-04	-0.001289	-1.16e-04	0.000000	0.000000	-7.13e-06	-7.38e-06	-0.007545	-0.003956	-5.53e-06	-0.006622
"2015-07-26 00:00"	0.000000	-5.09e-04	-0.001262	-9.48e-05	0.000000	0.000000	0.000000	0.000000	-0.001791	-2.93e-05	0.000000	-0.002172
"2015-07-27 00:00"	0.000000	-0.001367	-0.003237	-6.43e-04	0.000000	0.000000	0.000000	0.000000	-0.001605	0.000000	0.000000	-0.002178
"2015-07-28 00:00"	0.000000	-1.37e-04	-3.94e-04	-6.04e-05	0.000000	0.000000	0.000000	0.000000	-0.001873	0.000000	0.000000	-0.001693
"2015-07-29 00:00"	0.000000	0.000000	0.000000	0.000000	0.000000	0.000000	0.000000	0.000000	-0.003320	0.000000	0.000000	-0.002923
"2015-07-30 00:00"	0.000000	-2.53e-07	-4.66e-07	-2.13e-07	0.000000	0.000000	0.000000	0.000000	-0.003488	0.000000	0.000000	-0.003110
"2015-07-31 00:00"	0.000000	-4.83e-07	-1.82e-04	-4.09e-07	0.000000	0.000000	0.000000	0.000000	-0.003847	0.000000	0.000000	-0.003449
"2015-08-01 00:00"	0.000000	-3.77e-04	-8.04e-04	0.000000	0.000000	0.000000	0.000000	0.000000	-0.004142	0.000000	0.000000	-0.003296
"2015-08-02 00:00"	0.000000	-4.51e-04	-0.001146	-1.16e-06	0.000000	0.000000	0.000000	0.000000	-0.004695	0.000000	0.000000	-0.003216
"2015-08-03 00:00"	0.000000	-3.45e-05	-6.08e-04	-1.96e-06	0.000000	0.000000	0.000000	0.000000	-0.004529	0.000000	0.000000	-0.002561
"2015-08-04 00:00"	0.000000	-8.40e-05	-8.64e-04	-1.79e-06	0.000000	0.000000	0.000000	0.000000	-0.003805	0.000000	0.000000	-0.002207
"2015-08-05 00:00"	0.000000	-2.06e-04	-0.001117	-9.91e-05	0.000000	0.000000	0.000000	0.000000	-0.003906	0.000000	0.000000	-0.001818
"2015-08-06 00:00"	0.000000	-3.88e-06	-7.28e-06	-3.94e-06	0.000000	0.000000	0.000000	0.000000	-0.003802	0.000000	0.000000	-0.001670
"2015-08-07 00:00"	0.000000	-5.13e-06	-2.36e-04	-4.50e-06	0.000000	0.000000	0.000000	0.000000	-0.003113	0.000000	0.000000	-0.001250
"2015-08-08 00:00"	0.000000	-4.85e-04	-0.001516	-4.46e-04	0.000000	0.000000	0.000000	0.000000	-0.002989	0.000000	0.000000	-9.73e-04
"2015-08-09 00:00"	0.000000	-6.91e-04	-0.001135	-4.10e-04	0.000000	0.000000	0.000000	0.000000	-0.002539	0.000000	0.000000	-7.48e-04
"2015-08-10 00:00"	0.000000	-9.70e-04	-0.001726	-5.53e-04	0.000000	0.000000	0.000000	0.000000	-0.002314	0.000000	0.000000	-4.69e-04
"2015-08-11 00:00"	0.000000	-0.001040	-0.002053	-5.38e-04	0.000000	0.000000	0.000000	0.000000	-0.001456	0.000000	0.000000	-8.73e-06
"2015-08-12 00:00"	0.000000	-7.35e-05	-4.57e-06	-8.31e-06	0.000000	0.000000	0.000000	0.000000	-1.98e-06	0.000000	0.000000	-1.34e-06
"2015-08-13 00:00"	0.000000	-2.06e-06	-3.07e-06	-1.40e-06	0.000000	0.000000	0.000000	0.000000	-1.50e-06	0.000000	0.000000	-1.75e-06
"2015-08-14 00:00"	0.000000	-5.98e-04	-8.79e-04	-3.36e-05	0.000000	0.000000	0.000000	-2.31e-06	-5.28e-04	-1.74e-06	-1.72e-06	-4.35e-04
"2015-08-15 00:00"	0.000000	-2.42e-05	-1.06e-05	-5.01e-06	0.000000	0.000000	0.000000	0.000000	-1.78e-04	0.000000	0.000000	-1.23e-04
"2015-08-16 00:00"	0.000000	-4.46e-04	-5.37e-04	-4.49e-06	0.000000	0.000000	0.000000	0.000000	-2.55e-04	0.000000	0.000000	-2.04e-04
"2015-08-17 00:00"	0.000000	-2.64e-05	-1.31e-06	-1.97e-07	0.000000	0.000000	0.000000	0.000000	-1.50e-04	0.000000	0.000000	-1.17e-04
"2015-08-18 00:00"	0.000000	-4.64e-05	-1.96e-06	-1.21e-06	0.000000	0.000000	0.000000	0.000000	-1.70e-04	0.000000	0.000000	-1.32e-04
"2015-08-19 00:00"	0.000000	-0.001323	-0.002460	-2.88e-04	0.000000	0.000000	0.000000	0.000000	-4.21e-04	0.000000	0.000000	-3.37e-04
"2015-08-20 00:00"	0.000000	-4.79e-04	-6.40e-04	-1.90e-04	0.000000	0.000000	0.000000	0.000000	-1.88e-04	0.000000	0.000000	-1.47e-04
"2015-08-21 00:00"	0.000000	-6.28e-04	-0.001212	-2.58e-04	0.000000	0.000000	0.000000	0.000000	-1.63e-04	0.000000	0.000000	-1.23e-04
"2015-08-22 00:00"	0.000000	-5.36e-04	-9.43e-04	-1.67e-04	0.000000	0.000000	0.000000	0.000000	-7.96e-05	0.000000	0.000000	-5.31e-05
"2015-08-23 00:00"	0.000000	-0.001224	-0.002791	-6.28e-04	0.000000	0.000000	0.000000	0.000000	-6.56e-05	0.000000	0.000000	-4.28e-05
"2015-08-24 00:00"	0.000000	-5.82e-04	-0.001108	-8.64e-05	0.000000	0.000000	0.000000	-2.89e-06	-1.02e-04	-2.35e-06	-4.79e-07	-7.15e-05
"2015-08-25 00:00"	0.000000	-2.72e-06	-5.49e-06	-2.12e-06	0.000000	0.000000	0.000000	0.000000	-2.16e-04	0.000000	0.000000	-1.73e-04
"2015-08-26 00:00"	0.000000	-1.81e-06	-3.37e-06	-1.54e-06	0.000000	0.000000	0.000000	0.000000	-6.39e-05	0.000000	0.000000	-5.51e-05
"2015-08-27 00:00"	0.000000	-3.36e-04	-2.27e-04	-4.33e-06	0.000000	0.000000	0.000000	0.000000	-7.58e-05	0.000000	0.000000	-4.89e-05
"2015-08-28 00:00"	0.000000	-6.01e-04	-0.001072	-1.22e-06	0.000000	0.000000	0.000000	0.000000	-6.67e-05	0.000000	0.000000	-4.48e-05
"2015-08-29 00:00"	0.000000	-2.79e-04	-2.27e-04	-1.19e-06	0.000000	0.000000	0.000000	0.000000	-6.21e-04	0.000000	0.000000	-4.96e-04
"2015-08-30 00:00"	0.000000	-2.60e-04	-1.40e-04	-5.65e-06	0.000000	0.000000	0.000000	0.000000	-5.88e-04	0.000000	0.000000	-4.75e-04
"2015-08-31 00:00"	0.000000	-3.61e-04	-3.61e-04	-2.84e-06	0.000000	0.000000	0.000000	0.000000	-4.41e-04	0.000000	0.000000	-3.70e-04
"2015-09-01 00:00"	0.000000	-2.61e-04	-1.51e-04	-4.12e-05	0.000000	0.000000	-3.47e-06	-5.31e-07	-9.76e-04	-4.12e-07	-3.91e-07	-7.74e-04
"2015-09-02 00:00"	0.000000	-5.03e-04	-6.38e-04	-6.39e-05	0.000000	0.000000	-6.68e-06	0.000000	-0.002295	0.000000	0.000000	-0.001879
"2015-09-03 00:00"	0.000000	-0.001257	-0.002380	-7.00e-04	0.000000	0.000000	0.000000	0.000000	-6.76e-04	0.000000	0.000000	-5.43e-04
"2015-09-04 00:00"	0.000000	-5.53e-04	-8.50e-04	-2.71e-04	0.000000	0.000000	0.000000	0.000000	-4.28e-04	0.000000	0.000000	-3.30e-04
"2015-09-05 00:00"	0.000000	-1.50e-04	-6.40e-05	-1.58e-05	0.000000	0.000000	-2.53e-06	0.000000	-9.88e-04	0.000000	0.000000	-7.99e-04
"2015-09-06 00:00"	0.000000	-5.42e-04	-7.21e-04	-1.10e-04	0.000000	0.000000	0.000000	0.000000	-2.39e-04	0.000000	0.000000	-1.86e-04
"2015-09-07 00:00"	0.000000	-0.001108	-0.002366	-5.78e-04	0.000000	0.000000	0.000000	0.000000	-7.66e-04	0.000000	0.000000	-6.07e-04
"2015-09-08 00:00"	0.000000	-0.001628	-0.003475	-8.33e-04	0.000000	0.000000	-3.94e-07	-4.75e-07	-0.002745	-3.57e-07	-3.58e-07	-0.002244
"2015-09-09 00:00"	0.000000	-0.001228	-0.002730	-6.58e-04	0.000000	0.000000	0.000000	0.000000	-3.73e-05	0.000000	0.000000	-2.91e-05
"2015-09-10 00:00"	0.000000	-7.90e-04	-0.001832	-2.74e-04	0.000000	0.000000	0.000000	0.000000	-4.87e-04	0.000000	0.000000	-3.94e-04
"2015-09-11 00:00"	0.000000	-7.24e-04	-0.001724	-2.38e-04	0.000000	0.000000	0.000000	0.000000	-3.13e-04	0.000000	0.000000	-2.46e-04
"2015-09-12 00:00"	0.000000	-7.05e-07	-1.39e-06	-2.27e-07	0.000000	0.000000	0.000000	0.000000	-6.11e-04	0.000000	0.000000	-4.91e-04
"2015-09-13 00:00"	0.000000	-7.01e-06	-1.54e-05	-5.02e-06	0.000000	0.000000	0.000000	0.000000	-1.18e-04	0.000000	0.000000	-9.27e-05
"2015-09-14 00:00"	0.000000	-0.001685	-0.003599	-3.14e-04	0.000000	0.000000	0.000000	0.000000	-1.10e-04	0.000000	0.000000	-7.96e-05
"2015-09-15 00:00"	0.000000	-0.001538	-0.003457	-8.23e-04	0.000000	0.000000	0.000000	0.000000	-4.82e-06	0.000000	0.000000	0.000000
"2015-09-16 00:00"	0.000000	-0.002136	-0.004803	-0.001287	0.000000	0.000000	0.000000	0.000000	-4.09e-06	0.000000	0.000000	0.000000
"2015-09-17 00:00"	0.000000	-0.001717	-0.003769	-8.54e-04	0.000000	0.000000	0.000000	0.000000	-0.001160	0.000000	0.000000	0.000000
"2015-09-18 00:00"	0.000000	-0.001882	-0.004355	-0.001026	0.000000	0.000000	0.000000	0.000000	-9.38e-06	0.000000	0.000000	0.000000
"2015-09-19 00:00"	0.000000	-0.001866	-0.004159	-9.08e-04	0.000000	0.000000	0.000000	0.000000	-0.002115	0.000000	0.000000	0.000000
"2015-09-20 00:00"	0.000000	-0.001712	-0.004076	-8.85e-04	0.000000	0.000000	0.000000	0.000000	0.000000	0.000000	0.000000	0.000000
"2015-09-21 00:00"	0.000000	-0.001805	-0.004303	-8.57e-04	0.000000	0.000000	0.000000	0.000000	0.000000	0.000000	0.000000	0.000000
"2015-09-22 00:00"	0.000000	-1.93e-04	-5.62e-04	-5.71e-05	0.000000	0.000000	-6.33e-07	0.000000	0.000000	0.000000	0.000000	0.000000
"2015-09-23 00:00"	0.000000	-0.001574	-0.003714	-5.50e-04	0.000000	0.000000	0.000000	0.000000	0.000000	0.000000	0.000000	0.000000
"2015-09-24 00:00"	0.000000	-8.10e-04	-0.001756	-2.00e-04	0.000000	0.000000	-1.95e-06	-6.86e-07	-6.87e-07	-5.16e-07	-5.15e-07	-4.80e-07
"2015-09-25 00:00"	0.000000	-0.001387	-0.003257	-6.89e-04	0.000000	0.000000	0.000000	0.000000	0.000000	0.000000	0.000000	0.000000
"2015-09-26 00:00"	0.000000	-0.001337	-0.003055	-6.14e-04	0.000000	0.000000	-5.43e-06	-7.07e-06	-7.07e-06	-5.32e-06	-5.32e-06	-4.94e-06
"2015-09-27 00:00"	0.000000	-0.001668	-0.003911	-7.64e-04	0.000000	0.000000	-1.83e-06	0.000000	-7.59e-05	0.000000	0.000000	0.000000
"2015-09-28 00:00"	0.000000	-0.001581	-0.003726	-8.29e-04	0.000000	0.000000	0.000000	0.000000	0.000000	0.000000	0.000000	0.000000
"2015-09-29 00:00"	0.000000	-0.001436	-0.003517	-8.08e-04	0.000000	0.000000	-2.18e-06	0.000000	0.000000	0.000000	0.000000	0.000000
"2015-09-30 00:00"	0.000000	-0.002209	-0.005272	-0.001278	0.000000	0.000000	0.000000	0.000000	0.000000	0.000000	0.000000	0.000000
"2015-10-01 00:00"	0.000000	-0.001801	-0.004255	-9.74e-04	0.000000	0.000000	0.000000	0.000000	0.000000	0.000000	0.000000	0.000000
"2015-10-02 00:00"	0.000000	-0.001434	-0.003349	-5.78e-04	0.000000	0.000000	0.000000	0.000000	0.000000	0.000000	0.000000	0.000000
"2015-10-03 00:00"	0.000000	-6.51e-04	-0.001566	-2.29e-04	0.000000	0.000000	0.000000	0.000000	0.000000	0.000000	0.000000	0.000000
"2015-10-04 00:00"	0.000000	-7.35e-04	-0.001625	-1.88e-04	0.000000	0.000000	0.000000	0.000000	0.000000	0.000000	0.000000	0.000000
"2015-10-05 00:00"	0.000000	-2.15e-04	-4.94e-04	-1.13e-06	0.000000	0.000000	0.000000	0.000000	0.000000	0.000000	0.000000	0.000000
"2015-10-06 00:00"	0.000000	-0.001098	-0.002441	-4.08e-04	0.000000	0.000000	0.000000	0.000000	0.000000	0.000000	0.000000	0.000000
"2015-10-07 00:00"	0.000000	-1.67e-04	-1.61e-04	-3.92e-05	0.000000	0.000000	0.000000	0.000000	0.000000	0.000000	0.000000	0.000000
"2015-10-08 00:00"	0.000000	-0.001060	-0.002129	-3.18e-04	0.000000	0.000000	0.000000	0.000000	0.000000	0.000000	0.000000	0.000000
"2015-10-09 00:00"	0.000000	-0.001506	-0.003182	-7.89e-04	0.000000	0.000000	0.000000	0.000000	0.000000	0.000000	0.000000	0.000000
"2015-10-10 00:00"	0.000000	-0.001728	-0.003870	-9.54e-04	0.000000	0.000000	0.000000	0.000000	0.000000	0.000000	0.000000	0.000000
"2015-10-11 00:00"	0.000000	-0.001030	-0.002171	-4.20e-04	0.000000	0.000000	0.000000	0.000000	0.000000	0.000000	0.000000	0.000000
"2015-10-12 00:00"	0.000000	-0.001419	-0.003153	-8.15e-04	0.000000	0.000000	0.000000	0.000000	0.000000	0.000000	0.000000	0.000000
"2015-10-13 00:00"	0.000000	-0.001584	-0.003507	-8.38e-04	0.000000	0.000000	-4.96e-07	0.000000	0.000000	0.000000	0.000000	0.000000
"2015-10-14 00:00"	0.000000	-0.001026	-0.002190	-4.79e-04	0.000000	0.000000	-3.86e-05	-3.76e-05	-2.96e-05	-2.50e-05	-1.13e-05	-2.64e-05
"2015-10-15 00:00"	0.000000	-0.001991	-0.004644	-0.001109	0.000000	0.000000	-2.43e-05	-2.73e-05	-7.68e-04	-2.02e-05	-2.02e-05	-1.87e-05
"2015-10-16 00:00"	0.000000	-0.001337	-0.002930	-6.51e-04	0.000000	0.000000	-3.35e-05	-4.05e-05	-0.003141	-3.05e-05	-3.05e-05	-2.83e-05
"2015-10-17 00:00"	0.000000	-2.35e-04	-4.15e-04	-5.92e-06	0.000000	0.000000	0.000000	0.000000	-5.11e-04	0.000000	0.000000	0.000000
"2015-10-18 00:00"	0.000000	-7.46e-04	-0.001581	-6.17e-05	0.000000	0.000000	0.000000	0.000000	0.000000	0.000000	0.000000	0.000000
"2015-10-19 00:00"	0.000000	-1.47e-04	-1.35e-04	-1.26e-06	0.000000	0.000000	0.000000	0.000000	0.000000	0.000000	0.000000	0.000000
"2015-10-20 00:00"	0.000000	-0.001587	-0.003412	-5.91e-04	0.000000	0.000000	0.000000	0.000000	0.000000	0.000000	0.000000	0.000000
"2015-10-21 00:00"	0.000000	-0.001490	-0.003125	-7.97e-04	0.000000	0.000000	0.000000	0.000000	0.000000	0.000000	0.000000	0.000000
"2015-10-22 00:00"	0.000000	-0.002532	-0.005600	-0.001570	0.000000	0.000000	0.000000	0.000000	0.000000	0.000000	0.000000	0.000000
"2015-10-23 00:00"	0.000000	-6.78e-04	-0.001368	-2.73e-04	0.000000	0.000000	0.000000	0.000000	0.000000	0.000000	0.000000	0.000000
"2015-10-24 00:00"	0.000000	-0.001367	-0.003089	-6.70e-04	0.000000	0.000000	0.000000	0.000000	0.000000	0.000000	0.000000	0.000000
"2015-10-25 00:00"	0.000000	-0.001912	-0.004287	-0.001011	0.000000	0.000000	0.000000	0.000000	0.000000	0.000000	0.000000	0.000000
"2015-10-26 00:00"	0.000000	-0.001157	-0.002495	-4.39e-04	0.000000	0.000000	0.000000	0.000000	0.000000	0.000000	0.000000	0.000000
"2015-10-27 00:00"	0.000000	-0.002302	-0.005435	-0.001301	0.000000	0.000000	0.000000	0.000000	0.000000	0.000000	0.000000	0.000000
"2015-10-28 00:00"	0.000000	-0.001442	-0.003244	-7.31e-04	0.000000	0.000000	0.000000	0.000000	0.000000	0.000000	0.000000	0.000000
"2015-10-29 00:00"	0.000000	-0.001503	-0.003579	-7.42e-04	0.000000	0.000000	0.000000	0.000000	0.000000	0.000000	0.000000	0.000000
"2015-10-30 00:00"	0.000000	-0.001779	-0.004214	-9.56e-04	0.000000	0.000000	0.000000	0.000000	0.000000	0.000000	0.000000	0.000000
"2015-10-31 00:00"	0.000000	-0.002282	-0.005569	-0.001254	0.000000	0.000000	0.000000	0.000000	0.000000	0.000000	0.000000	0.000000
"2015-11-01 00:00"	0.000000	-0.001193	-0.002777	-5.80e-04	0.000000	0.000000	0.000000	0.000000	0.000000	0.000000	0.000000	0.000000
"2015-11-02 00:00"	0.000000	-0.001140	-0.002616	-4.11e-04	0.000000	0.000000	0.000000	0.000000	0.000000	0.000000	0.000000	0.000000
"2015-11-03 00:00"	0.000000	-0.001241	-0.002928	-6.14e-04	0.000000	0.000000	0.000000	0.000000	0.000000	0.000000	0.000000	0.000000
"2015-11-04 00:00"	0.000000	-0.001975	-0.004608	-9.91e-04	0.000000	0.000000	0.000000	0.000000	0.000000	0.000000	0.000000	0.000000
"2015-11-05 00:00"	0.000000	-0.001645	-0.003670	-7.72e-04	0.000000	0.000000	0.000000	0.000000	0.000000	0.000000	0.000000	0.000000
"2015-11-06 00:00"	0.000000	-0.001025	-0.002222	-3.73e-04	0.000000	0.000000	0.000000	0.000000	0.000000	0.000000	0.000000	0.000000
"2015-11-07 00:00"	0.000000	-0.001093	-0.002530	-3.72e-04	0.000000	0.000000	-7.79e-07	0.000000	0.000000	0.000000	0.000000	0.000000
"2015-11-08 00:00"	0.000000	-0.001386	-0.003028	-5.61e-04	0.000000	0.000000	-5.37e-06	-7.08e-06	-7.08e-06	-5.33e-06	-5.33e-06	-4.95e-06
"2015-11-09 00:00"	0.000000	-7.03e-05	-2.19e-04	-1.37e-05	0.000000	0.000000	0.000000	0.000000	0.000000	0.000000	0.000000	0.000000
"2015-11-10 00:00"	0.000000	-0.001605	-0.003524	-4.48e-04	0.000000	0.000000	0.000000	0.000000	0.000000	0.000000	0.000000	0.000000
"2015-11-11 00:00"	0.000000	-0.001041	-0.002241	-4.34e-04	0.000000	0.000000	0.000000	0.000000	0.000000	0.000000	0.000000	0.000000
"2015-11-12 00:00"	0.000000	-0.001067	-0.002290	-5.19e-04	0.000000	0.000000	0.000000	0.000000	0.000000	0.000000	0.000000	0.000000
"2015-11-13 00:00"	0.000000	-7.49e-04	-0.001641	-2.26e-04	0.000000	0.000000	0.000000	0.000000	0.000000	0.000000	0.000000	0.000000
"2015-11-14 00:00"	0.000000	-0.001708	-0.003942	-9.21e-04	0.000000	0.000000	0.000000	0.000000	0.000000	0.000000	0.000000	0.000000
"2015-11-15 00:00"	0.000000	-0.001670	-0.003717	-9.20e-04	0.000000	0.000000	0.000000	0.000000	0.000000	0.000000	0.000000	0.000000
"2015-11-16 00:00"	0.000000	-0.001631	-0.003643	-7.88e-04	0.000000	0.000000	0.000000	0.000000	0.000000	0.000000	0.000000	0.000000
"2015-11-17 00:00"	0.000000	-0.001758	-0.003987	-8.91e-04	0.000000	0.000000	0.000000	0.000000	0.000000	0.000000	0.000000	0.000000
"2015-11-18 00:00"	0.000000	-2.86e-04	-5.79e-04	-3.06e-05	0.000000	0.000000	0.000000	0.000000	0.000000	0.000000	0.000000	0.000000
"2015-11-19 00:00"	0.000000	-0.002023	-0.004695	-8.94e-04	0.000000	0.000000	0.000000	0.000000	0.000000	0.000000	0.000000	0.000000
"2015-11-20 00:00"	0.000000	-0.002342	-0.005384	-0.001295	0.000000	0.000000	0.000000	0.000000	0.000000	0.000000	0.000000	0.000000
"2015-11-21 00:00"	0.000000	-0.002045	-0.004786	-0.001123	0.000000	0.000000	0.000000	0.000000	0.000000	0.000000	0.000000	0.000000
"2015-11-22 00:00"	0.000000	-0.001877	-0.004405	-0.001023	0.000000	0.000000	0.000000	0.000000	0.000000	0.000000	0.000000	0.000000
"2015-11-23 00:00"	0.000000	-0.001084	-0.002344	-4.52e-04	0.000000	0.000000	0.000000	0.000000	0.000000	0.000000	0.000000	0.000000
"2015-11-24 00:00"	0.000000	-3.49e-04	-7.32e-04	-4.67e-05	0.000000	0.000000	0.000000	0.000000	0.000000	0.000000	0.000000	0.000000
"2015-11-25 00:00"	0.000000	-0.001446	-0.003227	-5.83e-04	0.000000	0.000000	0.000000	0.000000	0.000000	0.000000	0.000000	0.000000
"2015-11-26 00:00"	0.000000	-0.001496	-0.003351	-8.19e-04	0.000000	0.000000	0.000000	0.000000	0.000000	0.000000	0.000000	0.000000
"2015-11-27 00:00"	0.000000	-0.001737	-0.003949	-8.85e-04	0.000000	0.000000	0.000000	0.000000	0.000000	0.000000	0.000000	0.000000
"2015-11-28 00:00"	0.000000	-0.002483	-0.005878	-0.001397	0.000000	0.000000	0.000000	0.000000	0.000000	0.000000	0.000000	0.000000
"2015-11-29 00:00"	0.000000	-4.89e-04	-0.001000	-4.93e-05	0.000000	0.000000	-2.18e-05	-9.36e-06	-9.36e-06	-7.04e-06	-7.04e-06	-6.53e-06
"2015-11-30 00:00"	0.000000	-0.001843	-0.004294	-9.63e-04	0.000000	0.000000	0.000000	0.000000	0.000000	0.000000	0.000000	0.000000
"2015-12-01 00:00"	0.000000	-8.38e-04	-0.001911	-2.92e-04	0.000000	0.000000	0.000000	0.000000	0.000000	0.000000	0.000000	0.000000
"2015-12-02 00:00"	0.000000	-5.27e-04	-0.001060	-4.48e-05	0.000000	0.000000	-2.21e-06	-2.67e-06	-2.67e-06	-2.01e-06	-2.01e-06	-1.86e-06
"2015-12-03 00:00"	0.000000	-0.001266	-0.002757	-5.18e-04	0.000000	0.000000	0.000000	0.000000	-6.85e-05	0.000000	0.000000	0.000000
"2015-12-04 00:00"	0.000000	-0.002106	-0.004996	-0.001175	0.000000	0.000000	0.000000	0.000000	0.000000	0.000000	0.000000	0.000000
"2015-12-05 00:00"	0.000000	-0.002152	-0.005067	-0.001247	0.000000	0.000000	0.000000	0.000000	0.000000	0.000000	0.000000	0.000000
"2015-12-06 00:00"	0.000000	-0.001273	-0.002852	-5.65e-04	0.000000	0.000000	0.000000	0.000000	0.000000	0.000000	0.000000	0.000000
"2015-12-07 00:00"	0.000000	-0.002474	-0.005916	-0.001416	0.000000	0.000000	0.000000	0.000000	0.000000	0.000000	0.000000	0.000000
"2015-12-08 00:00"	0.000000	-0.001636	-0.003875	-9.00e-04	0.000000	0.000000	0.000000	0.000000	0.000000	0.000000	0.000000	0.000000
"2015-12-09 00:00"	0.000000	-0.001141	-0.002662	-5.19e-04	0.000000	0.000000	0.000000	0.000000	0.000000	0.000000	0.000000	0.000000
"2015-12-10 00:00"	0.000000	-0.001098	-0.002569	-4.73e-04	0.000000	0.000000	0.000000	0.000000	0.000000	0.000000	0.000000	0.000000
"2015-12-11 00:00"	0.000000	-0.001473	-0.003369	-6.86e-04	0.000000	0.000000	0.000000	0.000000	0.000000	0.000000	0.000000	0.000000
"2015-12-12 00:00"	0.000000	-0.001238	-0.002802	-5.68e-04	0.000000	0.000000	0.000000	0.000000	0.000000	0.000000	0.000000	0.000000
"2015-12-13 00:00"	0.000000	-0.001291	-0.002916	-5.83e-04	0.000000	0.000000	0.000000	0.000000	0.000000	0.000000	0.000000	0.000000
"2015-12-14 00:00"	0.000000	-0.001741	-0.004164	-9.09e-04	0.000000	0.000000	0.000000	0.000000	0.000000	0.000000	0.000000	0.000000
"2015-12-15 00:00"	0.000000	-0.001851	-0.004266	-8.94e-04	0.000000	0.000000	-3.49e-06	-4.72e-07	-4.72e-07	-3.55e-07	-3.55e-07	-3.30e-07
"2015-12-16 00:00"	0.000000	-9.67e-04	-0.002233	-3.15e-04	0.000000	0.000000	-7.39e-06	-8.98e-06	-8.98e-06	-6.75e-06	-6.75e-06	-6.27e-06
"2015-12-17 00:00"	0.000000	-0.001202	-0.002764	-5.65e-04	0.000000	0.000000	0.000000	0.000000	0.000000	0.000000	0.000000	0.000000
"2015-12-18 00:00"	0.000000	-0.001374	-0.003113	-6.58e-04	0.000000	0.000000	0.000000	0.000000	0.000000	0.000000	0.000000	0.000000
"2015-12-19 00:00"	0.000000	-6.95e-04	-0.001513	-1.63e-04	0.000000	0.000000	0.000000	0.000000	0.000000	0.000000	0.000000	0.000000
"2015-12-20 00:00"	0.000000	-0.001246	-0.002850	-5.88e-04	0.000000	0.000000	0.000000	0.000000	0.000000	0.000000	0.000000	0.000000
"2015-12-21 00:00"	0.000000	-0.001198	-0.002672	-5.36e-04	0.000000	0.000000	0.000000	0.000000	0.000000	0.000000	0.000000	0.000000
"2015-12-22 00:00"	0.000000	-0.001673	-0.003807	-8.72e-04	0.000000	0.000000	0.000000	0.000000	0.000000	0.000000	0.000000	0.000000
"2015-12-23 00:00"	0.000000	-0.001750	-0.003976	-8.63e-04	0.000000	0.000000	0.000000	0.000000	0.000000	0.000000	0.000000	0.000000
"2015-12-24 00:00"	0.000000	-1.42e-04	-2.16e-04	-3.49e-05	0.000000	0.000000	-9.67e-07	0.000000	0.000000	0.000000	0.000000	0.000000
"2015-12-25 00:00"	0.000000	-2.62e-04	-4.37e-04	-5.66e-05	0.000000	0.000000	0.000000	0.000000	0.000000	0.000000	0.000000	0.000000
"2015-12-26 00:00"	0.000000	-0.001100	-0.002530	-1.13e-04	0.000000	0.000000	0.000000	0.000000	0.000000	0.000000	0.000000	0.000000
"2015-12-27 00:00"	0.000000	-9.53e-05	-4.65e-05	-2.17e-05	0.000000	0.000000	0.000000	0.000000	0.000000	0.000000	0.000000	0.000000
"2015-12-28 00:00"	0.000000	-0.001004	-0.001851	-1.95e-04	0.000000	0.000000	0.000000	0.000000	0.000000	0.000000	0.000000	0.000000
"2015-12-29 00:00"	0.000000	-0.001994	-0.004132	-9.09e-04	0.000000	0.000000	0.000000	0.000000	0.000000	0.000000	0.000000	0.000000
"2015-12-30 00:00"	0.000000	-0.001185	-0.002713	-4.43e-04	0.000000	0.000000	0.000000	0.000000	0.000000	0.000000	0.000000	0.000000
"2015-12-31 00:00"	0.000000	-0.001153	-0.002123	-2.60e-04	0.000000	0.000000	-4.32e-07	-5.04e-07	-5.04e-07	-3.79e-07	-3.79e-07	-3.52e-07
"2016-01-01 00:00"	0.000000	-0.002781	-0.006160	-0.001148	0.000000	0.000000	0.000000	0.000000	0.000000	0.000000	0.000000	0.000000
"2016-01-02 00:00"	0.000000	-0.002828	-0.006800	-0.001492	0.000000	0.000000	0.000000	0.000000	0.000000	0.000000	0.000000	0.000000
"2016-01-03 00:00"	0.000000	-0.002892	-0.006360	-0.001175	0.000000	0.000000	0.000000	0.000000	0.000000	0.000000	0.000000	0.000000
"2016-01-04 00:00"	0.000000	-0.002623	-0.006121	-0.001265	0.000000	0.000000	0.000000	0.000000	0.000000	0.000000	0.000000	0.000000
"2016-01-05 00:00"	0.000000	-0.003556	-0.007997	-0.001521	0.000000	0.000000	0.000000	0.000000	0.000000	0.000000	0.000000	0.000000
"2016-01-06 00:00"	0.000000	-0.001074	-0.002362	-2.06e-04	0.000000	0.000000	0.000000	0.000000	0.000000	0.000000	0.000000	0.000000
"2016-01-07 00:00"	0.000000	-0.002774	-0.006712	-0.001301	0.000000	0.000000	0.000000	0.000000	0.000000	0.000000	0.000000	0.000000
"2016-01-08 00:00"	0.000000	-0.002565	-0.005963	-0.001146	0.000000	0.000000	-2.18e-06	-4.20e-06	-4.21e-06	-3.16e-06	-3.16e-06	-2.93e-06
"2016-01-09 00:00"	0.000000	-0.002899	-0.006501	-0.001152	0.000000	0.000000	0.000000	0.000000	0.000000	0.000000	0.000000	0.000000
"2016-01-10 00:00"	0.000000	-0.003208	-0.007314	-0.001467	0.000000	0.000000	0.000000	0.000000	0.000000	0.000000	0.000000	0.000000
"2016-01-11 00:00"	0.000000	-0.003521	-0.007527	-0.001435	0.000000	0.000000	0.000000	0.000000	0.000000	0.000000	0.000000	0.000000
"2016-01-12 00:00"	0.000000	-0.002991	-0.006696	-0.001158	0.000000	0.000000	0.000000	0.000000	0.000000	0.000000	0.000000	0.000000
"2016-01-13 00:00"	0.000000	-0.002729	-0.006157	-0.001067	0.000000	0.000000	0.000000	0.000000	0.000000	0.000000	0.000000	0.000000
"2016-01-14 00:00"	0.000000	-0.001845	-0.004298	-6.19e-04	0.000000	0.000000	0.000000	0.000000	0.000000	0.000000	0.000000	0.000000
"2016-01-15 00:00"	0.000000	-0.002709	-0.006411	-0.001151	0.000000	0.000000	-3.23e-06	-6.31e-06	-6.29e-06	-4.74e-06	-4.75e-06	-4.41e-06
"2016-01-16 00:00"	0.000000	-0.002153	-0.004981	-9.64e-04	0.000000	0.000000	0.000000	0.000000	0.000000	0.000000	0.000000	0.000000
"2016-01-17 00:00"	0.000000	-0.003114	-0.007238	-0.001387	0.000000	0.000000	0.000000	0.000000	0.000000	0.000000	0.000000	0.000000
"2016-01-18 00:00"	0.000000	-0.002121	-0.004662	-8.70e-04	0.000000	0.000000	-2.55e-06	-3.32e-06	-3.33e-06	-2.50e-06	-2.49e-06	-2.32e-06
"2016-01-19 00:00"	0.000000	-0.002255	-0.004984	-9.17e-04	0.000000	0.000000	0.000000	0.000000	0.000000	0.000000	0.000000	0.000000
"2016-01-20 00:00"	0.000000	-0.002512	-0.005477	-8.37e-04	0.000000	0.000000	0.000000	0.000000	0.000000	0.000000	0.000000	0.000000
"2016-01-21 00:00"	0.000000	-2.47e-04	-5.81e-04	-2.07e-05	0.000000	0.000000	0.000000	0.000000	0.000000	0.000000	0.000000	0.000000
"2016-01-22 00:00"	0.000000	-0.001624	-0.002964	-3.63e-06	0.000000	0.000000	-1.05e-05	-1.24e-05	-1.21e-05	-9.33e-06	-9.69e-06	-8.82e-06
"2016-01-23 00:00"	0.000000	-0.002836	-0.006236	-8.69e-04	0.000000	0.000000	-4.38e-07	-5.29e-07	-5.29e-07	-3.98e-07	-3.98e-07	-3.70e-07
"2016-01-24 00:00"	0.000000	-0.003080	-0.007044	-0.001493	0.000000	0.000000	0.000000	0.000000	0.000000	0.000000	0.000000	0.000000
"2016-01-25 00:00"	0.000000	-0.003213	-0.006964	-0.001460	0.000000	0.000000	0.000000	0.000000	0.000000	0.000000	0.000000	0.000000
"2016-01-26 00:00"	0.000000	-0.001322	-0.002629	-2.53e-04	0.000000	0.000000	-1.70e-05	-2.06e-05	-2.06e-05	-1.55e-05	-1.55e-05	-1.44e-05
"2016-01-27 00:00"	0.000000	-0.001925	-0.004023	-6.56e-04	0.000000	0.000000	0.000000	0.000000	0.000000	0.000000	0.000000	0.000000
"2016-01-28 00:00"	0.000000	-0.002240	-0.005139	-0.001156	0.000000	0.000000	0.000000	0.000000	0.000000	0.000000	0.000000	0.000000
"2016-01-29 00:00"	0.000000	-0.002062	-0.004781	-0.001134	0.000000	0.000000	0.000000	0.000000	0.000000	0.000000	0.000000	0.000000
"2016-01-30 00:00"	0.000000	-0.001138	-0.002511	-5.05e-04	0.000000	0.000000	-4.98e-06	-5.60e-06	-5.90e-06	-4.19e-06	-4.38e-06	-3.90e-06
"2016-01-31 00:00"	0.000000	-0.001989	-0.004583	-0.001105	0.000000	0.000000	0.000000	0.000000	0.000000	0.000000	0.000000	0.000000
"2016-02-01 00:00"	0.000000	-0.001999	-0.004398	-0.001023	0.000000	0.000000	0.000000	0.000000	0.000000	0.000000	0.000000	0.000000
"2016-02-02 00:00"	0.000000	-0.001548	-0.003581	-7.92e-04	0.000000	0.000000	0.000000	0.000000	0.000000	0.000000	0.000000	0.000000
"2016-02-03 00:00"	0.000000	-0.002539	-0.006012	-0.001466	0.000000	0.000000	0.000000	0.000000	0.000000	0.000000	0.000000	0.000000
"2016-02-04 00:00"	0.000000	-0.001658	-0.003917	-9.24e-04	0.000000	0.000000	0.000000	0.000000	0.000000	0.000000	0.000000	0.000000
"2016-02-05 00:00"	0.000000	-0.002495	-0.006199	-0.001369	0.000000	0.000000	0.000000	0.000000	0.000000	0.000000	0.000000	0.000000
"2016-02-06 00:00"	0.000000	-0.002196	-0.004973	-9.73e-04	0.000000	0.000000	0.000000	0.000000	0.000000	0.000000	0.000000	0.000000
"2016-02-07 00:00"	0.000000	-9.79e-04	-0.002239	-3.68e-04	0.000000	0.000000	0.000000	0.000000	0.000000	0.000000	0.000000	0.000000
"2016-02-08 00:00"	0.000000	-8.41e-04	-0.001647	-5.85e-05	0.000000	0.000000	0.000000	0.000000	0.000000	0.000000	0.000000	0.000000
"2016-02-09 00:00"	0.000000	-2.37e-04	-5.33e-04	-4.47e-05	0.000000	0.000000	0.000000	0.000000	0.000000	0.000000	0.000000	0.000000
"2016-02-10 00:00"	0.000000	-3.22e-04	-4.28e-06	-1.97e-06	0.000000	0.000000	-3.24e-06	-2.71e-06	-2.71e-06	-2.04e-06	-2.04e-06	-1.90e-06
"2016-02-11 00:00"	0.000000	-0.001469	-0.002557	-1.56e-04	0.000000	0.000000	0.000000	0.000000	0.000000	0.000000	0.000000	0.000000
"2016-02-12 00:00"	0.000000	-7.65e-04	-0.001160	-1.47e-04	0.000000	0.000000	-4.22e-07	-5.10e-07	-5.05e-07	-3.84e-07	-3.84e-07	-3.56e-07
"2016-02-13 00:00"	0.000000	-4.88e-04	-4.44e-04	-5.05e-05	0.000000	0.000000	0.000000	0.000000	-0.001111	0.000000	0.000000	0.000000
"2016-02-14 00:00"	0.000000	-0.002055	-0.004639	-0.001032	0.000000	0.000000	0.000000	0.000000	0.000000	0.000000	0.000000	0.000000
"2016-02-15 00:00"	0.000000	-0.001926	-0.004163	-9.98e-04	0.000000	0.000000	0.000000	0.000000	0.000000	0.000000	0.000000	0.000000
"2016-02-16 00:00"	0.000000	-0.001551	-0.003368	-7.01e-04	0.000000	0.000000	0.000000	0.000000	0.000000	0.000000	0.000000	0.000000
"2016-02-17 00:00"	0.000000	-7.44e-04	-0.001404	-1.65e-04	0.000000	0.000000	0.000000	0.000000	0.000000	0.000000	0.000000	0.000000
"2016-02-18 00:00"	0.000000	-1.87e-04	-4.09e-04	-5.40e-05	0.000000	0.000000	0.000000	0.000000	0.000000	0.000000	0.000000	0.000000
"2016-02-19 00:00"	0.000000	-0.001836	-0.003950	-6.59e-04	0.000000	0.000000	0.000000	0.000000	0.000000	0.000000	0.000000	0.000000
"2016-02-20 00:00"	0.000000	-0.002234	-0.005166	-0.001128	0.000000	0.000000	0.000000	0.000000	0.000000	0.000000	0.000000	0.000000
"2016-02-21 00:00"	0.000000	-6.21e-04	-0.001204	-6.95e-05	0.000000	0.000000	0.000000	0.000000	0.000000	0.000000	0.000000	0.000000
"2016-02-22 00:00"	0.000000	-0.002666	-0.006258	-0.001409	0.000000	0.000000	0.000000	0.000000	0.000000	0.000000	0.000000	0.000000
"2016-02-23 00:00"	0.000000	-0.001296	-0.002677	-2.57e-04	0.000000	0.000000	0.000000	0.000000	0.000000	0.000000	0.000000	0.000000
"2016-02-24 00:00"	0.000000	-0.001947	-0.004456	-8.81e-04	0.000000	0.000000	0.000000	0.000000	0.000000	0.000000	0.000000	0.000000
"2016-02-25 00:00"	0.000000	-2.21e-04	-4.57e-04	-2.20e-05	0.000000	0.000000	0.000000	0.000000	0.000000	0.000000	0.000000	0.000000
"2016-02-26 00:00"	0.000000	-0.002058	-0.004558	-7.26e-04	0.000000	0.000000	0.000000	0.000000	0.000000	0.000000	0.000000	0.000000
"2016-02-27 00:00"	0.000000	-0.002859	-0.006410	-0.001316	0.000000	0.000000	0.000000	0.000000	0.000000	0.000000	0.000000	0.000000
"2016-02-28 00:00"	0.000000	-0.002576	-0.006025	-0.001262	0.000000	0.000000	0.000000	0.000000	0.000000	0.000000	0.000000	0.000000
"2016-02-29 00:00"	0.000000	-0.001629	-0.003419	-4.35e-04	0.000000	0.000000	0.000000	0.000000	0.000000	0.000000	0.000000	0.000000
"2016-03-01 00:00"	0.000000	-8.25e-04	-0.001857	-8.48e-05	0.000000	0.000000	0.000000	0.000000	0.000000	0.000000	0.000000	0.000000
"2016-03-02 00:00"	0.000000	-2.28e-04	-4.58e-04	-6.23e-06	0.000000	0.000000	0.000000	0.000000	0.000000	0.000000	0.000000	0.000000
"2016-03-03 00:00"	0.000000	-0.002044	-0.004699	-8.23e-04	0.000000	0.000000	0.000000	0.000000	0.000000	0.000000	0.000000	0.000000
"2016-03-04 00:00"	0.000000	-9.37e-04	-0.001707	-1.06e-04	0.000000	0.000000	0.000000	0.000000	0.000000	0.000000	0.000000	0.000000
"2016-03-05 00:00"	0.000000	-0.001530	-0.003177	-4.83e-04	0.000000	0.000000	0.000000	0.000000	0.000000	0.000000	0.000000	0.000000
"2016-03-06 00:00"	0.000000	-0.002274	-0.004900	-8.38e-04	0.000000	0.000000	-2.15e-06	-3.07e-06	-0.001047	-2.31e-06	-2.31e-06	-2.14e-06
"2016-03-07 00:00"	0.000000	-0.002872	-0.006282	-0.001295	0.000000	0.000000	0.000000	0.000000	0.000000	0.000000	0.000000	0.000000
"2016-03-08 00:00"	0.000000	-0.001836	-0.003760	-5.65e-04	0.000000	0.000000	0.000000	0.000000	0.000000	0.000000	0.000000	0.000000
"2016-03-09 00:00"	0.000000	-7.36e-04	-0.001476	-9.78e-05	0.000000	0.000000	0.000000	0.000000	0.000000	0.000000	0.000000	0.000000
"2016-03-10 00:00"	0.000000	-0.001487	-0.003164	-2.24e-04	0.000000	0.000000	-7.74e-07	0.000000	0.000000	0.000000	0.000000	0.000000
"2016-03-11 00:00"	0.000000	-0.001467	-0.003228	-6.02e-04	0.000000	0.000000	-6.59e-05	-4.90e-05	-0.004613	-4.11e-05	-1.97e-05	-3.59e-05
"2016-03-12 00:00"	0.000000	-0.001710	-0.003811	-6.01e-04	0.000000	0.000000	0.000000	0.000000	0.000000	0.000000	0.000000	0.000000
"2016-03-13 00:00"	0.000000	-9.84e-04	-0.002102	-3.25e-04	0.000000	0.000000	0.000000	0.000000	0.000000	0.000000	0.000000	0.000000
"2016-03-14 00:00"	0.000000	-0.001470	-0.003219	-4.74e-04	0.000000	0.000000	0.000000	0.000000	0.000000	0.000000	0.000000	0.000000
"2016-03-15 00:00"	0.000000	-0.002937	-0.006567	-0.001108	0.000000	0.000000	0.000000	0.000000	0.000000	0.000000	0.000000	0.000000
"2016-03-16 00:00"	0.000000	-0.002601	-0.005993	-0.001298	0.000000	0.000000	0.000000	0.000000	0.000000	0.000000	0.000000	0.000000
"2016-03-17 00:00"	0.000000	-0.001810	-0.004114	-8.67e-04	0.000000	0.000000	0.000000	0.000000	0.000000	0.000000	0.000000	0.000000
"2016-03-18 00:00"	0.000000	-0.001590	-0.003391	-5.03e-04	0.000000	0.000000	-9.48e-06	-9.42e-06	-9.39e-06	-7.09e-06	-7.10e-06	-6.59e-06
"2016-03-19 00:00"	0.000000	-0.001328	-0.002895	-4.95e-04	0.000000	0.000000	0.000000	0.000000	0.000000	0.000000	0.000000	0.000000
"2016-03-20 00:00"	0.000000	-0.001896	-0.004283	-8.75e-04	0.000000	0.000000	0.000000	0.000000	-0.001109	0.000000	0.000000	0.000000
"2016-03-21 00:00"	0.000000	-0.001129	-0.002217	-4.23e-05	0.000000	0.000000	0.000000	0.000000	-0.002612	0.000000	0.000000	0.000000
"2016-03-22 00:00"	0.000000	-9.67e-05	-1.92e-04	-2.05e-05	0.000000	0.000000	0.000000	0.000000	-6.95e-04	0.000000	0.000000	0.000000
"2016-03-23 00:00"	0.000000	-5.04e-04	-9.67e-04	-2.46e-05	0.000000	0.000000	0.000000	0.000000	-7.50e-05	0.000000	0.000000	0.000000
"2016-03-24 00:00"	0.000000	-5.88e-04	-0.001122	-1.79e-05	0.000000	0.000000	0.000000	0.000000	0.000000	0.000000	0.000000	0.000000
"2016-03-25 00:00"	0.000000	-0.001906	-0.004158	-8.86e-04	0.000000	0.000000	0.000000	0.000000	0.000000	0.000000	0.000000	0.000000
"2016-03-26 00:00"	0.000000	-0.002402	-0.005349	-0.001274	0.000000	0.000000	0.000000	0.000000	0.000000	0.000000	0.000000	0.000000
"2016-03-27 00:00"	0.000000	-1.85e-04	-4.15e-04	-6.15e-05	0.000000	0.000000	0.000000	0.000000	0.000000	0.000000	0.000000	0.000000
"2016-03-28 00:00"	0.000000	-0.001733	-0.003758	-6.78e-04	0.000000	0.000000	0.000000	0.000000	0.000000	0.000000	0.000000	0.000000
"2016-03-29 00:00"	0.000000	-0.002559	-0.005779	-0.001185	0.000000	0.000000	-2.07e-06	-2.46e-06	-9.98e-04	-1.85e-06	-1.85e-06	-1.72e-06
"2016-03-30 00:00"	0.000000	-0.003601	-0.008067	-0.001830	0.000000	0.000000	0.000000	0.000000	0.000000	0.000000	0.000000	0.000000
"2016-03-31 00:00"	0.000000	-0.001489	-0.003161	-4.23e-04	0.000000	0.000000	0.000000	0.000000	0.000000	0.000000	0.000000	0.000000
"2016-04-01 00:00"	0.000000	-0.003444	-0.007850	-0.001784	0.000000	0.000000	0.000000	0.000000	0.000000	0.000000	0.000000	0.000000
"2016-04-02 00:00"	0.000000	-4.04e-04	-9.73e-04	-1.12e-04	0.000000	0.000000	0.000000	0.000000	0.000000	0.000000	0.000000	0.000000
"2016-04-03 00:00"	0.000000	-8.53e-04	-0.001861	-9.21e-06	0.000000	0.000000	0.000000	-3.40e-06	-3.40e-06	-2.56e-06	-2.56e-06	-2.38e-06
"2016-04-04 00:00"	0.000000	-0.001902	-0.003885	-1.08e-05	0.000000	0.000000	-9.26e-06	-3.31e-06	-0.005544	-2.49e-06	-2.49e-06	-2.31e-06
"2016-04-05 00:00"	0.000000	-6.85e-04	-0.001199	-4.09e-06	0.000000	0.000000	0.000000	0.000000	-0.001818	0.000000	0.000000	0.000000
"2016-04-06 00:00"	0.000000	-0.001589	-0.003349	-3.16e-04	0.000000	0.000000	-5.89e-06	0.000000	-0.006229	0.000000	0.000000	0.000000
"2016-04-07 00:00"	0.000000	-0.002676	-0.006097	-0.001446	0.000000	0.000000	0.000000	0.000000	0.000000	0.000000	0.000000	0.000000
"2016-04-08 00:00"	0.000000	-0.002842	-0.006456	-0.001440	0.000000	0.000000	0.000000	0.000000	0.000000	0.000000	0.000000	0.000000
"2016-04-09 00:00"	0.000000	-0.002055	-0.004832	-0.001045	0.000000	0.000000	0.000000	0.000000	0.000000	0.000000	0.000000	0.000000
"2016-04-10 00:00"	0.000000	-4.53e-04	-8.80e-04	-9.73e-05	0.000000	0.000000	0.000000	0.000000	0.000000	0.000000	0.000000	0.000000
"2016-04-11 00:00"	0.000000	-5.77e-04	-0.001259	-1.39e-05	0.000000	0.000000	-4.29e-07	0.000000	0.000000	0.000000	0.000000	0.000000
"2016-04-12 00:00"	0.000000	-8.66e-04	-0.001685	-4.82e-05	0.000000	0.000000	0.000000	0.000000	-0.001771	0.000000	0.000000	0.000000
"2016-04-13 00:00"	0.000000	-0.001042	-0.001960	-4.36e-07	0.000000	0.000000	0.000000	0.000000	-0.003658	0.000000	0.000000	0.000000
"2016-04-14 00:00"	0.000000	-2.92e-04	-4.40e-04	-1.99e-05	0.000000	0.000000	-4.03e-07	0.000000	-5.62e-04	0.000000	0.000000	0.000000
"2016-04-15 00:00"	0.000000	-0.001794	-0.003769	-2.47e-04	0.000000	0.000000	-4.37e-06	-6.24e-06	-0.001639	-4.69e-06	-4.69e-06	-4.36e-06
"2016-04-16 00:00"	0.000000	-0.002781	-0.006449	-0.001598	0.000000	0.000000	0.000000	0.000000	-4.62e-04	0.000000	0.000000	0.000000
"2016-04-17 00:00"	0.000000	-5.66e-04	-0.001210	-1.45e-04	0.000000	0.000000	0.000000	0.000000	0.000000	0.000000	0.000000	0.000000
"2016-04-18 00:00"	0.000000	-3.61e-05	-8.34e-07	-3.75e-07	0.000000	0.000000	0.000000	0.000000	-8.76e-04	0.000000	0.000000	0.000000
"2016-04-19 00:00"	0.000000	-4.06e-04	-7.07e-04	-3.50e-05	0.000000	0.000000	-4.62e-07	-1.02e-06	-0.002165	-7.68e-07	-7.68e-07	-7.13e-07
"2016-04-20 00:00"	0.000000	-0.002393	-0.005456	-0.001065	0.000000	0.000000	0.000000	0.000000	-0.001072	0.000000	0.000000	0.000000
"2016-04-21 00:00"	0.000000	-0.002539	-0.005839	-0.001280	0.000000	0.000000	0.000000	0.000000	0.000000	0.000000	0.000000	0.000000
"2016-04-22 00:00"	0.000000	-0.002633	-0.006175	-0.001494	0.000000	0.000000	0.000000	0.000000	0.000000	0.000000	0.000000	0.000000
"2016-04-23 00:00"	0.000000	-0.001136	-0.002572	-4.23e-04	0.000000	0.000000	0.000000	0.000000	0.000000	0.000000	0.000000	0.000000
"2016-04-24 00:00"	0.000000	-0.002747	-0.006032	-0.001290	0.000000	0.000000	-5.31e-05	-5.48e-05	-0.004953	-4.12e-05	-4.12e-05	-3.83e-05
"2016-04-25 00:00"	0.000000	-0.002103	-0.004807	-0.001004	0.000000	0.000000	0.000000	0.000000	-2.38e-05	0.000000	0.000000	0.000000
"2016-04-26 00:00"	0.000000	-0.002748	-0.006642	-0.001549	0.000000	0.000000	0.000000	0.000000	0.000000	0.000000	0.000000	0.000000
"2016-04-27 00:00"	0.000000	-0.003215	-0.007203	-0.001496	0.000000	0.000000	0.000000	0.000000	0.000000	0.000000	0.000000	0.000000
"2016-04-28 00:00"	0.000000	-0.002149	-0.005182	-0.001058	0.000000	0.000000	-3.98e-07	0.000000	0.000000	0.000000	0.000000	0.000000
"2016-04-29 00:00"	0.000000	-0.001024	-0.002185	-2.89e-04	0.000000	0.000000	-1.31e-05	-9.45e-06	-0.001765	-7.11e-06	-7.11e-06	-6.60e-06
"2016-04-30 00:00"	0.000000	-0.001523	-0.003387	-3.17e-04	0.000000	0.000000	0.000000	0.000000	-5.33e-05	0.000000	0.000000	0.000000
"2016-05-01 00:00"	0.000000	-0.002534	-0.005637	-0.001004	0.000000	0.000000	0.000000	0.000000	0.000000	0.000000	0.000000	0.000000
"2016-05-02 00:00"	0.000000	-0.002948	-0.006115	-0.001092	0.000000	0.000000	0.000000	0.000000	0.000000	0.000000	0.000000	0.000000
"2016-05-03 00:00"	0.000000	-4.23e-04	-0.001067	-2.17e-05	0.000000	0.000000	-8.62e-06	-4.73e-06	-0.001040	-3.55e-06	-3.55e-06	-3.30e-06
"2016-05-04 00:00"	0.000000	-0.002111	-0.004945	-8.03e-04	0.000000	0.000000	-2.46e-06	0.000000	-0.001284	0.000000	0.000000	0.000000
"2016-05-05 00:00"	0.000000	-6.51e-04	-0.001518	-1.46e-04	0.000000	0.000000	0.000000	0.000000	0.000000	0.000000	0.000000	0.000000
"2016-05-06 00:00"	0.000000	-0.001771	-0.004001	-8.90e-04	0.000000	0.000000	0.000000	0.000000	0.000000	0.000000	0.000000	0.000000
"2016-05-07 00:00"	0.000000	-0.002899	-0.006296	-0.001193	0.000000	0.000000	0.000000	0.000000	0.000000	0.000000	0.000000	0.000000
"2016-05-08 00:00"	0.000000	-0.001672	-0.003684	-6.69e-04	0.000000	0.000000	0.000000	0.000000	0.000000	0.000000	0.000000	0.000000
"2016-05-09 00:00"	0.000000	-7.30e-04	-0.001569	-3.51e-05	0.000000	0.000000	0.000000	0.000000	0.000000	0.000000	0.000000	0.000000
"2016-05-10 00:00"	0.000000	-0.001946	-0.004385	-7.67e-04	0.000000	0.000000	0.000000	0.000000	0.000000	0.000000	0.000000	0.000000
"2016-05-11 00:00"	0.000000	-0.001693	-0.003352	-2.99e-04	0.000000	0.000000	-6.95e-07	0.000000	0.000000	0.000000	0.000000	0.000000
"2016-05-12 00:00"	0.000000	-0.001974	-0.004173	-4.92e-04	0.000000	0.000000	0.000000	0.000000	0.000000	0.000000	0.000000	0.000000
"2016-05-13 00:00"	0.000000	-9.01e-04	-0.002093	-2.77e-04	0.000000	0.000000	0.000000	0.000000	0.000000	0.000000	0.000000	0.000000
"2016-05-14 00:00"	0.000000	-0.001409	-0.003231	-5.86e-04	0.000000	0.000000	0.000000	0.000000	0.000000	0.000000	0.000000	0.000000
"2016-05-15 00:00"	0.000000	-2.88e-04	-6.26e-04	-5.17e-05	0.000000	0.000000	0.000000	0.000000	0.000000	0.000000	0.000000	0.000000
"2016-05-16 00:00"	0.000000	-8.22e-04	-0.001586	-2.36e-05	0.000000	0.000000	0.000000	0.000000	0.000000	0.000000	0.000000	0.000000
"2016-05-17 00:00"	0.000000	-0.001301	-0.002533	-1.28e-04	0.000000	0.000000	-6.35e-07	0.000000	0.000000	0.000000	0.000000	0.000000
"2016-05-18 00:00"	0.000000	-2.39e-04	-1.29e-04	-1.99e-05	0.000000	0.000000	0.000000	0.000000	-6.87e-05	0.000000	0.000000	0.000000
"2016-05-19 00:00"	0.000000	-0.001970	-0.004310	-6.53e-04	0.000000	0.000000	0.000000	0.000000	-1.05e-04	0.000000	0.000000	0.000000
"2016-05-20 00:00"	0.000000	-0.002219	-0.005017	-0.001348	0.000000	0.000000	0.000000	0.000000	0.000000	0.000000	0.000000	0.000000
"2016-05-21 00:00"	0.000000	-6.03e-04	-0.001461	-3.88e-05	0.000000	0.000000	-1.24e-06	-9.58e-07	-6.40e-04	-7.20e-07	-7.20e-07	-6.69e-07
"2016-05-22 00:00"	0.000000	-0.001847	-0.004176	-8.74e-04	0.000000	0.000000	0.000000	0.000000	-2.31e-04	0.000000	0.000000	0.000000
"2016-05-23 00:00"	0.000000	-0.001545	-0.003451	-7.52e-04	0.000000	0.000000	0.000000	0.000000	-3.29e-04	0.000000	0.000000	0.000000
"2016-05-24 00:00"	0.000000	-0.001974	-0.004476	-9.92e-04	0.000000	0.000000	-1.36e-06	0.000000	0.000000	0.000000	0.000000	0.000000
"2016-05-25 00:00"	0.000000	-1.40e-04	-3.08e-04	-3.82e-05	0.000000	0.000000	0.000000	0.000000	0.000000	0.000000	0.000000	0.000000
"2016-05-26 00:00"	0.000000	-9.22e-04	-0.001693	-4.05e-05	0.000000	0.000000	0.000000	0.000000	0.000000	0.000000	0.000000	0.000000
"2016-05-27 00:00"	0.000000	-0.002284	-0.005139	-0.001054	0.000000	0.000000	0.000000	0.000000	0.000000	0.000000	0.000000	0.000000
"2016-05-28 00:00"	0.000000	-0.001953	-0.004504	-0.001001	0.000000	0.000000	0.000000	0.000000	0.000000	0.000000	0.000000	0.000000
"2016-05-29 00:00"	0.000000	-4.69e-04	-9.25e-04	-4.48e-05	0.000000	0.000000	-3.82e-07	0.000000	0.000000	0.000000	0.000000	0.000000
"2016-05-30 00:00"	0.000000	-0.001349	-0.002841	-4.03e-04	0.000000	0.000000	0.000000	0.000000	0.000000	0.000000	0.000000	0.000000
"2016-05-31 00:00"	0.000000	-0.001636	-0.003623	-8.55e-04	0.000000	0.000000	0.000000	0.000000	0.000000	0.000000	0.000000	0.000000
"2016-06-01 00:00"	0.000000	-0.001852	-0.004117	-9.60e-04	0.000000	0.000000	0.000000	0.000000	0.000000	0.000000	0.000000	0.000000
"2016-06-02 00:00"	0.000000	-0.002290	-0.005210	-0.001160	0.000000	0.000000	0.000000	0.000000	0.000000	0.000000	0.000000	0.000000
"2016-06-03 00:00"	0.000000	-4.15e-04	-8.63e-04	-3.02e-05	0.000000	0.000000	0.000000	0.000000	0.000000	0.000000	0.000000	0.000000
"2016-06-04 00:00"	0.000000	-5.46e-04	-0.001086	-1.37e-05	0.000000	0.000000	-1.84e-06	0.000000	-4.25e-04	0.000000	0.000000	0.000000
"2016-06-05 00:00"	0.000000	-0.001097	-0.002274	-1.03e-05	0.000000	0.000000	0.000000	0.000000	-2.23e-04	0.000000	0.000000	0.000000
"2016-06-06 00:00"	0.000000	-0.002344	-0.005246	-0.001182	0.000000	0.000000	0.000000	0.000000	0.000000	0.000000	0.000000	0.000000
"2016-06-07 00:00"	0.000000	-0.001393	-0.002789	-3.24e-04	0.000000	0.000000	-4.74e-06	-9.21e-07	-0.001362	-6.93e-07	-6.93e-07	-6.43e-07
"2016-06-08 00:00"	0.000000	-0.001499	-0.003503	-6.87e-04	0.000000	0.000000	0.000000	0.000000	0.000000	0.000000	0.000000	0.000000
"2016-06-09 00:00"	0.000000	-0.001571	-0.003120	-4.24e-04	0.000000	0.000000	-1.71e-06	0.000000	-9.83e-04	0.000000	0.000000	0.000000
"2016-06-10 00:00"	0.000000	-0.001941	-0.004380	-8.98e-04	0.000000	0.000000	0.000000	0.000000	0.000000	0.000000	0.000000	0.000000
"2016-06-11 00:00"	0.000000	-0.001539	-0.003361	-5.24e-04	0.000000	0.000000	-5.24e-06	-4.21e-06	-4.22e-06	-3.17e-06	-3.17e-06	-2.94e-06
"2016-06-12 00:00"	0.000000	-5.17e-04	-0.001077	-4.87e-05	0.000000	0.000000	0.000000	-2.04e-06	-2.05e-06	-1.54e-06	-1.54e-06	-1.43e-06
"2016-06-13 00:00"	0.000000	-1.13e-04	-1.32e-04	-7.70e-06	0.000000	0.000000	-9.13e-07	0.000000	0.000000	0.000000	0.000000	0.000000
"2016-06-14 00:00"	0.000000	-9.76e-06	-1.81e-05	-8.12e-06	0.000000	0.000000	-3.33e-06	0.000000	0.000000	0.000000	0.000000	0.000000
"2016-06-15 00:00"	0.000000	-3.45e-04	-9.23e-05	-4.21e-05	0.000000	0.000000	0.000000	-1.74e-05	-0.001019	-1.24e-05	-1.23e-05	-1.11e-05
