"2015-06-16 00:00"	0.000000	0.000000	-0.002411	-0.006159	-0.006283	-0.005886	-0.005512	-0.007259	-0.015982	-0.025958	-0.039022	-0.046883
"2015-06-17 00:00"	0.000000	0.000000	-0.002516	-0.006936	-0.006778	-0.007111	-0.007055	-0.011113	-0.026627	-0.045422	-0.067109	-0.079387
"2015-06-18 00:00"	0.000000	0.000000	-0.002186	-0.005702	-0.005773	-0.005819	-0.005828	-0.009746	-0.024867	-0.043463	-0.065619	-0.083185
"2015-06-19 00:00"	0.000000	0.000000	-0.001709	-0.004293	-0.004340	-0.004309	-0.004294	-0.006326	-0.016235	-0.028204	-0.044076	-0.064800
"2015-06-20 00:00"	0.000000	0.000000	-0.001589	-0.004449	-0.004506	-0.004488	-0.004483	-0.006396	-0.016898	-0.029676	-0.046879	-0.067727
"2015-06-21 00:00"	0.000000	0.000000	-0.001612	-0.004128	-0.004178	-0.004148	-0.004133	-0.005898	-0.018110	-0.032915	-0.058485	-0.080991
"2015-06-22 00:00"	0.000000	0.000000	-0.002049	-0.005603	-0.005646	-0.005620	-0.005605	-0.007248	-0.017083	-0.033819	-0.060717	-0.081741
"2015-06-23 00:00"	0.000000	0.000000	-0.002616	-0.007460	-0.007459	-0.007390	-0.007341	-0.008846	-0.017577	-0.034658	-0.058319	-0.078331
"2015-06-24 00:00"	0.000000	0.000000	-0.001517	-0.003751	-0.003825	-0.003841	-0.003854	-0.005313	-0.014922	-0.032075	-0.055450	-0.075788
"2015-06-25 00:00"	0.000000	0.000000	-0.001398	-0.003942	-0.003980	-0.003951	-0.003935	-0.005260	-0.017264	-0.036635	-0.062263	-0.083904
"2015-06-26 00:00"	0.000000	0.000000	-0.002098	-0.006090	-0.006410	-0.006383	-0.006367	-0.007605	-0.024685	-0.047251	-0.076106	-0.098865
"2015-06-27 00:00"	0.000000	0.000000	-0.001999	-0.005782	-0.006070	-0.006021	-0.005967	-0.007103	-0.018707	-0.036082	-0.058360	-0.078200
"2015-06-28 00:00"	0.000000	0.000000	-0.002337	-0.006962	-0.007585	-0.007572	-0.007569	-0.008706	-0.017937	-0.032759	-0.052068	-0.070317
"2015-06-29 00:00"	0.000000	0.000000	-0.002441	-0.007076	-0.007628	-0.007527	-0.007466	-0.008490	-0.019032	-0.035704	-0.057022	-0.075903
"2015-06-30 00:00"	0.000000	0.000000	-0.002417	-0.007084	-0.007671	-0.007627	-0.007603	-0.008624	-0.017907	-0.033208	-0.052619	-0.070609
"2015-07-01 00:00"	0.000000	0.000000	-0.003024	-0.009212	-0.010225	-0.010143	-0.010104	-0.011069	-0.019555	-0.033244	-0.050874	-0.068194
"2015-07-02 00:00"	0.000000	0.000000	-0.002783	-0.008173	-0.008961	-0.008895	-0.008846	-0.009761	-0.017861	-0.031289	-0.048322	-0.065275
"2015-07-03 00:00"	0.000000	0.000000	-0.002899	-0.008635	-0.009482	-0.009416	-0.009383	-0.010279	-0.018420	-0.032148	-0.049460	-0.066363
"2015-07-04 00:00"	0.000000	0.000000	-0.003237	-0.009946	-0.010953	-0.010982	-0.010908	-0.011742	-0.019463	-0.031945	-0.048414	-0.063406
"2015-07-05 00:00"	0.000000	0.000000	-0.001523	-0.003779	-0.003909	-0.003932	-0.003957	-0.004827	-0.013831	-0.028325	-0.045929	-0.055642
"2015-07-06 00:00"	0.000000	0.000000	-0.002018	-0.005849	-0.005904	-0.005870	-0.005850	-0.006637	-0.017049	-0.033734	-0.053763	-0.064257
"2015-07-07 00:00"	0.000000	0.000000	-0.001965	-0.005434	-0.005483	-0.005446	-0.005427	-0.006183	-0.013428	-0.026300	-0.042177	-0.050435
"2015-07-08 00:00"	0.000000	0.000000	-0.002222	-0.006176	-0.006419	-0.006353	-0.006309	-0.007013	-0.013676	-0.026978	-0.043419	-0.051150
"2015-07-09 00:00"	0.000000	0.000000	-0.001801	-0.004970	-0.005116	-0.005115	-0.005119	-0.005838	-0.012180	-0.025106	-0.041753	-0.049054
"2015-07-10 00:00"	0.000000	0.000000	-0.002635	-0.007554	-0.008131	-0.008030	-0.007958	-0.008586	-0.014522	-0.026114	-0.041595	-0.047988
"2015-07-11 00:00"	0.000000	0.000000	-0.002143	-0.005898	-0.006209	-0.006207	-0.006217	-0.006883	-0.012861	-0.030243	-0.052274	-0.061352
"2015-07-12 00:00"	0.000000	0.000000	-0.001864	-0.005115	-0.005098	-0.005195	-0.005168	-0.005775	-0.011646	-0.024320	-0.040164	-0.046609
"2015-07-13 00:00"	0.000000	0.000000	-0.001452	-0.003594	-0.003653	-0.003636	-0.003627	-0.004220	-0.009904	-0.023335	-0.039200	-0.045578
"2015-07-14 00:00"	0.000000	0.000000	-0.002868	-0.008581	-0.008954	-0.009163	-0.009051	-0.009595	-0.014956	-0.025338	-0.039313	-0.044159
"2015-07-15 00:00"	0.000000	0.000000	-0.002871	-0.008305	-0.009090	-0.009102	-0.009064	-0.009608	-0.014817	-0.024541	-0.037954	-0.042404
"2015-07-16 00:00"	0.000000	0.000000	-0.002119	-0.005782	-0.005917	-0.005999	-0.005968	-0.006498	-0.011416	-0.022319	-0.035989	-0.040776
"2015-07-17 00:00"	0.000000	0.000000	-0.001699	-0.004432	-0.004485	-0.004516	-0.004516	-0.005049	-0.009733	-0.023490	-0.038541	-0.044729
"2015-07-18 00:00"	0.000000	0.000000	-0.002623	-0.007664	-0.008086	-0.008172	-0.008103	-0.008593	-0.013083	-0.022949	-0.035667	-0.039820
"2015-07-19 00:00"	0.000000	0.000000	-0.001643	-0.004243	-0.004300	-0.004278	-0.004265	-0.004749	-0.009060	-0.021530	-0.035828	-0.041031
"2015-07-20 00:00"	0.000000	0.000000	-0.001946	-0.005259	-0.005284	-0.005229	-0.005197	-0.005648	-0.009795	-0.020090	-0.032542	-0.036464
"2015-07-21 00:00"	0.000000	0.000000	-0.003562	-0.010708	-0.011820	-0.011749	-0.011665	-0.012081	-0.016060	-0.026982	-0.039903	-0.044226
"2015-07-22 00:00"	0.000000	0.000000	-0.001943	-0.005292	-0.005396	-0.005398	-0.005398	-0.005862	-0.009813	-0.019564	-0.031716	-0.035621
"2015-07-23 00:00"	0.000000	0.000000	-0.001790	-0.004656	-0.004723	-0.004703	-0.004698	-0.005139	-0.008900	-0.022287	-0.036662	-0.042243
"2015-07-24 00:00"	0.000000	0.000000	-0.002063	-0.005593	-0.005626	-0.005580	-0.005556	-0.005968	-0.009674	-0.020138	-0.032519	-0.036522
"2015-07-25 00:00"	0.000000	0.000000	-0.001983	-0.005308	-0.005482	-0.005456	-0.005444	-0.005857	-0.012396	-0.027882	-0.043437	-0.050259
"2015-07-26 00:00"	0.000000	0.000000	-0.001926	-0.005120	-0.005138	-0.005209	-0.005176	-0.005576	-0.009307	-0.018437	-0.029690	-0.033508
"2015-07-27 00:00"	0.000000	0.000000	-0.002801	-0.007954	-0.008517	-0.008549	-0.008454	-0.008795	-0.012425	-0.021150	-0.032181	-0.035651
"2015-07-28 00:00"	0.000000	0.000000	-0.001573	-0.003964	-0.004123	-0.004140	-0.004161	-0.004596	-0.008241	-0.017030	-0.027691	-0.031249
"2015-07-29 00:00"	0.000000	0.000000	-0.001372	-0.003267	-0.003317	-0.003297	-0.003285	-0.003672	-0.007118	-0.016773	-0.027305	-0.030737
"2015-07-30 00:00"	0.000000	0.000000	-0.001295	-0.003082	-0.003128	-0.003109	-0.003097	-0.003479	-0.006793	-0.016576	-0.026903	-0.030364
"2015-07-31 00:00"	0.000000	0.000000	-0.001231	-0.003106	-0.003143	-0.003117	-0.003098	-0.003466	-0.006652	-0.016626	-0.026758	-0.030380
"2015-08-01 00:00"	0.000000	0.000000	-0.001601	-0.004109	-0.004145	-0.004128	-0.004119	-0.004493	-0.007602	-0.017512	-0.027421	-0.030987
"2015-08-02 00:00"	0.000000	0.000000	-0.001715	-0.004591	-0.004618	-0.004589	-0.004569	-0.004924	-0.007939	-0.017988	-0.027687	-0.031375
"2015-08-03 00:00"	0.000000	0.000000	-0.001295	-0.003669	-0.003697	-0.003677	-0.003665	-0.004025	-0.006993	-0.016605	-0.026133	-0.029567
"2015-08-04 00:00"	0.000000	0.000000	-0.001340	-0.004002	-0.004023	-0.003996	-0.003980	-0.004327	-0.007217	-0.016662	-0.026116	-0.029530
"2015-08-05 00:00"	0.000000	0.000000	-0.001414	-0.004268	-0.004256	-0.004278	-0.004258	-0.004596	-0.007440	-0.016689	-0.025931	-0.029320
"2015-08-06 00:00"	0.000000	0.000000	-0.001215	-0.003029	-0.003057	-0.003037	-0.003025	-0.003359	-0.006143	-0.015161	-0.024283	-0.027572
"2015-08-07 00:00"	0.000000	0.000000	-0.001119	-0.003139	-0.003183	-0.003185	-0.003169	-0.003495	-0.006204	-0.014997	-0.024032	-0.027338
"2015-08-08 00:00"	0.000000	0.000000	-0.001581	-0.004871	-0.005328	-0.005259	-0.005220	-0.005518	-0.008142	-0.016710	-0.025573	-0.028781
"2015-08-09 00:00"	0.000000	0.000000	-0.001792	-0.004697	-0.005152	-0.005093	-0.005067	-0.005374	-0.007935	-0.016238	-0.025013	-0.028167
"2015-08-10 00:00"	0.000000	0.000000	-0.002067	-0.005557	-0.006143	-0.006088	-0.006066	-0.006371	-0.008854	-0.016986	-0.025607	-0.028746
"2015-08-11 00:00"	0.000000	0.000000	-0.002193	-0.005975	-0.006552	-0.006484	-0.006439	-0.006720	-0.009101	-0.016886	-0.025327	-0.028448
"2015-08-12 00:00"	0.000000	0.000000	-0.001172	-0.002891	-0.002974	-0.003003	-0.003007	-0.003322	-0.005649	-0.012985	-0.021282	-0.024406
"2015-08-13 00:00"	0.000000	0.000000	-0.001157	-0.002814	-0.002860	-0.002844	-0.002834	-0.003126	-0.005333	-0.012618	-0.020726	-0.023821
"2015-08-14 00:00"	0.000000	0.000000	-0.001731	-0.004093	-0.004081	-0.004221	-0.004193	-0.004470	-0.006575	-0.014347	-0.022277	-0.025584
"2015-08-15 00:00"	0.000000	0.000000	-0.001169	-0.002718	-0.002758	-0.002740	-0.002730	-0.003010	-0.005033	-0.012457	-0.020207	-0.023169
"2015-08-16 00:00"	0.000000	0.000000	-0.001619	-0.003662	-0.003686	-0.003650	-0.003629	-0.003894	-0.005820	-0.013258	-0.020857	-0.023641
"2015-08-17 00:00"	0.000000	0.000000	-0.001179	-0.002691	-0.002734	-0.002721	-0.002716	-0.002991	-0.004856	-0.012198	-0.019655	-0.022262
"2015-08-18 00:00"	0.000000	0.000000	-0.001204	-0.002660	-0.002697	-0.002679	-0.002667	-0.002932	-0.004714	-0.012024	-0.019324	-0.021777
"2015-08-19 00:00"	0.000000	0.000000	-0.002497	-0.006094	-0.005985	-0.006459	-0.006379	-0.006598	-0.008284	-0.015782	-0.022924	-0.025212
"2015-08-20 00:00"	0.000000	0.000000	-0.001683	-0.003756	-0.003975	-0.003954	-0.003956	-0.004232	-0.005917	-0.013230	-0.020260	-0.022458
"2015-08-21 00:00"	0.000000	0.000000	-0.001851	-0.004465	-0.004753	-0.004699	-0.004662	-0.004896	-0.006470	-0.013705	-0.020572	-0.022619
"2015-08-22 00:00"	0.000000	0.000000	-0.001783	-0.004173	-0.004381	-0.004351	-0.004354	-0.004624	-0.006203	-0.013326	-0.020091	-0.022091
"2015-08-23 00:00"	0.000000	0.000000	-0.002484	-0.006634	-0.007296	-0.007230	-0.007175	-0.007399	-0.008886	-0.015929	-0.022543	-0.024425
"2015-08-24 00:00"	0.000000	0.000000	-0.001853	-0.004442	-0.004572	-0.004530	-0.004517	-0.004768	-0.006224	-0.013288	-0.019770	-0.021573
"2015-08-25 00:00"	0.000000	0.000000	-0.001269	-0.002728	-0.002780	-0.002767	-0.002763	-0.003017	-0.004436	-0.011602	-0.017953	-0.019686
"2015-08-26 00:00"	0.000000	0.000000	-0.001236	-0.002652	-0.002698	-0.002680	-0.002668	-0.002912	-0.004272	-0.011260	-0.017460	-0.019105
"2015-08-27 00:00"	0.000000	0.000000	-0.001523	-0.003121	-0.003148	-0.003109	-0.003085	-0.003314	-0.004617	-0.011596	-0.017654	-0.019216
"2015-08-28 00:00"	0.000000	0.000000	-0.001809	-0.004268	-0.004295	-0.004267	-0.004260	-0.004509	-0.005802	-0.012749	-0.018691	-0.020215
"2015-08-29 00:00"	0.000000	0.000000	-0.001510	-0.003109	-0.003142	-0.003116	-0.003101	-0.003336	-0.004577	-0.012074	-0.017876	-0.019323
"2015-08-30 00:00"	0.000000	0.000000	-0.001506	-0.002965	-0.002996	-0.002975	-0.002962	-0.003201	-0.004420	-0.011872	-0.017553	-0.018953
"2015-08-31 00:00"	0.000000	0.000000	-0.001628	-0.003341	-0.003365	-0.003336	-0.003319	-0.003551	-0.004745	-0.012029	-0.017592	-0.018946
"2015-09-01 00:00"	0.000000	0.000000	-0.001520	-0.002988	-0.003022	-0.003010	-0.003004	-0.003247	-0.004460	-0.012265	-0.017720	-0.019033
"2015-09-02 00:00"	0.000000	0.000000	-0.001756	-0.003659	-0.003615	-0.003817	-0.003786	-0.004014	-0.005226	-0.014352	-0.019721	-0.021003
"2015-09-03 00:00"	0.000000	0.000000	-0.002578	-0.006331	-0.006914	-0.006838	-0.006803	-0.007025	-0.008260	-0.015701	-0.020956	-0.022197
"2015-09-04 00:00"	0.000000	0.000000	-0.001866	-0.004120	-0.004472	-0.004492	-0.004486	-0.004741	-0.006068	-0.013258	-0.018461	-0.019701
"2015-09-05 00:00"	0.000000	0.000000	-0.001457	-0.002833	-0.002876	-0.002859	-0.002847	-0.003095	-0.004442	-0.012229	-0.017329	-0.018523
"2015-09-06 00:00"	0.000000	0.000000	-0.001821	-0.003901	-0.003997	-0.003987	-0.003944	-0.004165	-0.005506	-0.012456	-0.017437	-0.018579
"2015-09-07 00:00"	0.000000	0.000000	-0.002448	-0.006148	-0.006793	-0.006841	-0.006827	-0.007098	-0.008526	-0.016039	-0.020959	-0.022126
"2015-09-08 00:00"	0.000000	0.000000	-0.003009	-0.007724	-0.008565	-0.008450	-0.008359	-0.008571	-0.009943	-0.019407	-0.024198	-0.025272
"2015-09-09 00:00"	0.000000	0.000000	-0.002629	-0.006824	-0.007521	-0.007440	-0.007414	-0.007680	-0.009148	-0.015925	-0.020646	-0.021742
"2015-09-10 00:00"	0.000000	0.000000	-0.002156	-0.005372	-0.005637	-0.005741	-0.005707	-0.005980	-0.007460	-0.014678	-0.019314	-0.020372
"2015-09-11 00:00"	0.000000	0.000000	-0.002100	-0.005194	-0.005467	-0.005523	-0.005499	-0.005797	-0.007298	-0.014367	-0.018905	-0.019962
"2015-09-12 00:00"	0.000000	0.000000	-0.001367	-0.002807	-0.002859	-0.002841	-0.002830	-0.003117	-0.004573	-0.011892	-0.016306	-0.017314
"2015-09-13 00:00"	0.000000	0.000000	-0.001275	-0.002699	-0.002781	-0.002810	-0.002796	-0.003083	-0.004506	-0.011292	-0.015599	-0.016581
"2015-09-14 00:00"	0.000000	0.000000	-0.002980	-0.007839	-0.007914	-0.008217	-0.008093	-0.008341	-0.009690	-0.016409	-0.020576	-0.021508
"2015-09-15 00:00"	0.000000	0.000000	-0.002865	-0.007735	-0.008586	-0.008600	-0.008562	-0.008852	-0.010183	-0.016811	-0.020883	-0.021809
"2015-09-16 00:00"	0.000000	0.000000	-0.003444	-0.009660	-0.010806	-0.010817	-0.010695	-0.010954	-0.012180	-0.018747	-0.022668	-0.023548
"2015-09-17 00:00"	0.000000	0.000000	-0.003113	-0.008360	-0.009279	-0.009154	-0.009083	-0.009350	-0.010539	-0.018257	-0.022065	-0.022927
"2015-09-18 00:00"	0.000000	0.000000	-0.003279	-0.009124	-0.010207	-0.010138	-0.010065	-0.010325	-0.011451	-0.017990	-0.021667	-0.022502
"2015-09-19 00:00"	0.000000	0.000000	-0.003322	-0.009043	-0.010009	-0.009897	-0.009831	-0.010096	-0.011174	-0.019787	-0.023355	-0.024171
"2015-09-20 00:00"	0.000000	0.000000	-0.003179	-0.008878	-0.009828	-0.009749	-0.009689	-0.009950	-0.010973	-0.017407	-0.020856	-0.021643
"2015-09-21 00:00"	0.000000	0.000000	-0.003283	-0.009162	-0.010118	-0.009994	-0.009902	-0.010126	-0.011076	-0.017251	-0.020583	-0.021341
"2015-09-22 00:00"	0.000000	0.000000	-0.001648	-0.003837	-0.003983	-0.004001	-0.004030	-0.004330	-0.005313	-0.011277	-0.014543	-0.015322
"2015-09-23 00:00"	0.000000	0.000000	-0.003015	-0.008205	-0.008497	-0.008757	-0.008657	-0.008848	-0.009710	-0.015370	-0.018460	-0.019142
"2015-09-24 00:00"	0.000000	0.000000	-0.002320	-0.005750	-0.005983	-0.005983	-0.005986	-0.006261	-0.007217	-0.012800	-0.015862	-0.016590
"2015-09-25 00:00"	0.000000	0.000000	-0.002874	-0.007772	-0.008403	-0.008366	-0.008267	-0.008449	-0.009311	-0.014761	-0.017693	-0.018353
"2015-09-26 00:00"	0.000000	0.000000	-0.002840	-0.007663	-0.008374	-0.008335	-0.008318	-0.008578	-0.009531	-0.015006	-0.017920	-0.018616
"2015-09-27 00:00"	0.000000	0.000000	-0.003217	-0.008866	-0.009690	-0.009538	-0.009430	-0.009619	-0.010496	-0.015921	-0.018715	-0.019339
"2015-09-28 00:00"	0.000000	0.000000	-0.003084	-0.008467	-0.009324	-0.009282	-0.009198	-0.009411	-0.010325	-0.015791	-0.018562	-0.019202
"2015-09-29 00:00"	0.000000	0.000000	-0.002981	-0.008232	-0.009019	-0.008974	-0.008904	-0.009124	-0.010044	-0.015486	-0.018204	-0.018835
"2015-09-30 00:00"	0.000000	0.000000	-0.003693	-0.010671	-0.011917	-0.011994	-0.011849	-0.012077	-0.012996	-0.018371	-0.021026	-0.021636
"2015-10-01 00:00"	0.000000	0.000000	-0.003343	-0.009337	-0.010307	-0.010281	-0.010168	-0.010371	-0.011266	-0.016525	-0.019112	-0.019708
"2015-10-02 00:00"	0.000000	0.000000	-0.002960	-0.008024	-0.008734	-0.008689	-0.008627	-0.008852	-0.009772	-0.014944	-0.017484	-0.018079
"2015-10-03 00:00"	0.000000	0.000000	-0.002173	-0.005455	-0.005578	-0.005624	-0.005588	-0.005803	-0.006692	-0.011731	-0.014187	-0.014750
"2015-10-04 00:00"	0.000000	0.000000	-0.002249	-0.005704	-0.005848	-0.006030	-0.006040	-0.006305	-0.007259	-0.012267	-0.014712	-0.015314
"2015-10-05 00:00"	0.000000	0.000000	-0.001718	-0.003971	-0.004023	-0.003996	-0.003983	-0.004204	-0.005085	-0.009956	-0.012295	-0.012838
"2015-10-06 00:00"	0.000000	0.000000	-0.002580	-0.006661	-0.006769	-0.006863	-0.006790	-0.006955	-0.007771	-0.012559	-0.014803	-0.015292
"2015-10-07 00:00"	0.000000	0.000000	-0.001563	-0.003457	-0.003602	-0.003669	-0.003673	-0.003911	-0.004813	-0.009675	-0.011938	-0.012487
"2015-10-08 00:00"	0.000000	0.000000	-0.002489	-0.006281	-0.006362	-0.006539	-0.006500	-0.006693	-0.007536	-0.012324	-0.014487	-0.014970
"2015-10-09 00:00"	0.000000	0.000000	-0.002938	-0.007851	-0.008656	-0.008633	-0.008558	-0.008744	-0.009581	-0.014354	-0.016473	-0.016953
"2015-10-10 00:00"	0.000000	0.000000	-0.003190	-0.008727	-0.009678	-0.009657	-0.009568	-0.009728	-0.010527	-0.015248	-0.017304	-0.017765
"2015-10-11 00:00"	0.000000	0.000000	-0.002444	-0.006298	-0.006733	-0.006904	-0.006905	-0.007144	-0.008032	-0.012800	-0.014857	-0.015357
"2015-10-12 00:00"	0.000000	0.000000	-0.002870	-0.007657	-0.008358	-0.008271	-0.008185	-0.008326	-0.009088	-0.013727	-0.015658	-0.016072
"2015-10-13 00:00"	0.000000	0.000000	-0.003026	-0.008263	-0.009138	-0.009078	-0.009014	-0.009188	-0.009983	-0.014638	-0.016545	-0.016974
"2015-10-14 00:00"	0.000000	0.000000	-0.002502	-0.006361	-0.006750	-0.006670	-0.006604	-0.006751	-0.007530	-0.012153	-0.014000	-0.014414
"2015-10-15 00:00"	0.000000	0.000000	-0.003512	-0.009923	-0.011155	-0.011061	-0.010974	-0.011144	-0.011933	-0.017355	-0.019177	-0.019582
"2015-10-16 00:00"	0.000000	0.000000	-0.002872	-0.007664	-0.008425	-0.008335	-0.008323	-0.008543	-0.009389	-0.017420	-0.019253	-0.019696
"2015-10-17 00:00"	0.000000	0.000000	-0.001684	-0.003821	-0.003875	-0.003849	-0.003838	-0.004018	-0.004802	-0.010229	-0.011997	-0.012388
"2015-10-18 00:00"	0.000000	0.000000	-0.002154	-0.005286	-0.005161	-0.005472	-0.005389	-0.005526	-0.006273	-0.011345	-0.013071	-0.013420
"2015-10-19 00:00"	0.000000	0.000000	-0.001487	-0.003361	-0.003453	-0.003483	-0.003506	-0.003732	-0.004584	-0.009818	-0.011597	-0.012011
"2015-10-20 00:00"	0.000000	0.000000	-0.003008	-0.007782	-0.008140	-0.008376	-0.008278	-0.008416	-0.009178	-0.014360	-0.016049	-0.016380
"2015-10-21 00:00"	0.000000	0.000000	-0.002881	-0.007653	-0.008465	-0.008437	-0.008394	-0.008581	-0.009402	-0.014639	-0.016358	-0.016733
"2015-10-22 00:00"	0.000000	0.000000	-0.003888	-0.011080	-0.012580	-0.012492	-0.012350	-0.012557	-0.013370	-0.018562	-0.020244	-0.020592
"2015-10-23 00:00"	0.000000	0.000000	-0.002123	-0.005188	-0.005490	-0.005519	-0.005534	-0.005776	-0.006639	-0.011817	-0.013519	-0.013904
"2015-10-24 00:00"	0.000000	0.000000	-0.002829	-0.007468	-0.008075	-0.008044	-0.007959	-0.008118	-0.008864	-0.013860	-0.015464	-0.015768
"2015-10-25 00:00"	0.000000	0.000000	-0.003351	-0.009243	-0.010326	-0.010183	-0.010102	-0.010303	-0.011094	-0.016049	-0.017662	-0.017995
"2015-10-26 00:00"	0.000000	0.000000	-0.002609	-0.006823	-0.007277	-0.007294	-0.007260	-0.007468	-0.008246	-0.013099	-0.014676	-0.014996
"2015-10-27 00:00"	0.000000	0.000000	-0.003793	-0.010888	-0.012198	-0.012195	-0.012044	-0.012244	-0.013002	-0.017751	-0.019287	-0.019585
"2015-10-28 00:00"	0.000000	0.000000	-0.002911	-0.007909	-0.008650	-0.008554	-0.008524	-0.008756	-0.009555	-0.014251	-0.015783	-0.016102
"2015-10-29 00:00"	0.000000	0.000000	-0.003009	-0.008264	-0.009036	-0.009066	-0.008991	-0.009191	-0.009951	-0.014520	-0.015989	-0.016269
"2015-10-30 00:00"	0.000000	0.000000	-0.003288	-0.009184	-0.010154	-0.010039	-0.009962	-0.010168	-0.010939	-0.015437	-0.016881	-0.017161
"2015-10-31 00:00"	0.000000	0.000000	-0.003782	-0.010947	-0.012237	-0.012286	-0.012137	-0.012337	-0.013097	-0.017503	-0.018906	-0.019169
"2015-11-01 00:00"	0.000000	0.000000	-0.002651	-0.007175	-0.007778	-0.007811	-0.007783	-0.008020	-0.008823	-0.013195	-0.014603	-0.014905
"2015-11-02 00:00"	0.000000	0.000000	-0.002634	-0.006961	-0.007329	-0.007364	-0.007317	-0.007514	-0.008256	-0.012478	-0.013792	-0.014026
"2015-11-03 00:00"	0.000000	0.000000	-0.002747	-0.007353	-0.007920	-0.007959	-0.007914	-0.008117	-0.008872	-0.013030	-0.014317	-0.014553
"2015-11-04 00:00"	0.000000	0.000000	-0.003419	-0.009692	-0.010706	-0.010701	-0.010591	-0.010747	-0.011437	-0.015465	-0.016673	-0.016862
"2015-11-05 00:00"	0.000000	0.000000	-0.003076	-0.008467	-0.009317	-0.009212	-0.009148	-0.009336	-0.010079	-0.014086	-0.015297	-0.015520
"2015-11-06 00:00"	0.000000	0.000000	-0.002534	-0.006579	-0.007053	-0.007015	-0.007005	-0.007230	-0.008009	-0.011970	-0.013159	-0.013391
"2015-11-07 00:00"	0.000000	0.000000	-0.002545	-0.006694	-0.007005	-0.007110	-0.007037	-0.007210	-0.007921	-0.011754	-0.012857	-0.013036
"2015-11-08 00:00"	0.000000	0.000000	-0.002929	-0.007779	-0.008374	-0.008291	-0.008239	-0.008410	-0.009117	-0.012901	-0.013961	-0.014122
"2015-11-09 00:00"	0.000000	0.000000	-0.001533	-0.003421	-0.003527	-0.003537	-0.003551	-0.003771	-0.004545	-0.008393	-0.009472	-0.009670
"2015-11-10 00:00"	0.000000	0.000000	-0.003054	-0.008186	-0.008498	-0.008678	-0.008626	-0.008810	-0.009557	-0.013385	-0.014411	-0.014572
"2015-11-11 00:00"	0.000000	0.000000	-0.002515	-0.006504	-0.006852	-0.006986	-0.006905	-0.007055	-0.007760	-0.011559	-0.012527	-0.012646
"2015-11-12 00:00"	0.000000	0.000000	-0.002566	-0.006633	-0.007141	-0.007052	-0.007027	-0.007224	-0.008003	-0.011886	-0.012879	-0.013037
"2015-11-13 00:00"	0.000000	0.000000	-0.002212	-0.005581	-0.005773	-0.005912	-0.005871	-0.006060	-0.006835	-0.010717	-0.011670	-0.011801
"2015-11-14 00:00"	0.000000	0.000000	-0.003253	-0.008923	-0.009852	-0.009813	-0.009733	-0.009924	-0.010716	-0.014627	-0.015565	-0.015694
"2015-11-15 00:00"	0.000000	0.000000	-0.003174	-0.008662	-0.009558	-0.009469	-0.009408	-0.009611	-0.010411	-0.014330	-0.015240	-0.015356
"2015-11-16 00:00"	0.000000	0.000000	-0.003110	-0.008489	-0.009318	-0.009333	-0.009265	-0.009474	-0.010309	-0.014264	-0.015172	-0.015298
"2015-11-17 00:00"	0.000000	0.000000	-0.003291	-0.009059	-0.009999	-0.009931	-0.009852	-0.010050	-0.010883	-0.014843	-0.015721	-0.015832
"2015-11-18 00:00"	0.000000	0.000000	-0.001791	-0.004213	-0.004337	-0.004361	-0.004383	-0.004642	-0.005544	-0.009574	-0.010472	-0.010617
"2015-11-19 00:00"	0.000000	0.000000	-0.003485	-0.009817	-0.010652	-0.010767	-0.010646	-0.010808	-0.011613	-0.015584	-0.016381	-0.016430
"2015-11-20 00:00"	0.000000	0.000000	-0.003835	-0.010965	-0.012315	-0.012205	-0.012127	-0.012353	-0.013245	-0.017321	-0.018152	-0.018245
"2015-11-21 00:00"	0.000000	0.000000	-0.003559	-0.010063	-0.011221	-0.011162	-0.011088	-0.011307	-0.012206	-0.016298	-0.017109	-0.017192
"2015-11-22 00:00"	0.000000	0.000000	-0.003393	-0.009520	-0.010548	-0.010537	-0.010462	-0.010676	-0.011584	-0.015677	-0.016470	-0.016549
"2015-11-23 00:00"	0.000000	0.000000	-0.002577	-0.006698	-0.007199	-0.007181	-0.007186	-0.007453	-0.008435	-0.012576	-0.013390	-0.013502
"2015-11-24 00:00"	0.000000	0.000000	-0.001803	-0.004179	-0.004105	-0.004235	-0.004177	-0.004362	-0.005250	-0.009288	-0.010009	-0.010039
"2015-11-25 00:00"	0.000000	0.000000	-0.002943	-0.007881	-0.008410	-0.008399	-0.008393	-0.008650	-0.009643	-0.013763	-0.014533	-0.014625
"2015-11-26 00:00"	0.000000	0.000000	-0.002999	-0.008081	-0.008810	-0.008739	-0.008647	-0.008827	-0.009736	-0.013763	-0.014445	-0.014460
"2015-11-27 00:00"	0.000000	0.000000	-0.003248	-0.008861	-0.009817	-0.009714	-0.009661	-0.009874	-0.010830	-0.014892	-0.015588	-0.015632
"2015-11-28 00:00"	0.000000	0.000000	-0.004016	-0.011610	-0.013031	-0.012988	-0.012919	-0.013105	-0.014046	-0.018084	-0.018751	-0.018781
"2015-11-29 00:00"	0.000000	0.000000	-0.001976	-0.004755	-0.004875	-0.004910	-0.004940	-0.005199	-0.006223	-0.010317	-0.011019	-0.011098
"2015-11-30 00:00"	0.000000	0.000000	-0.003384	-0.009392	-0.010224	-0.010237	-0.010128	-0.010289	-0.011203	-0.015192	-0.015790	-0.015775
"2015-12-01 00:00"	0.000000	0.000000	-0.002352	-0.006037	-0.006367	-0.006443	-0.006386	-0.006586	-0.007556	-0.011603	-0.012223	-0.012239
"2015-12-02 00:00"	0.000000	0.000000	-0.001982	-0.004751	-0.004840	-0.004845	-0.004854	-0.005081	-0.006084	-0.010176	-0.010809	-0.010848
"2015-12-03 00:00"	0.000000	0.000000	-0.002808	-0.007283	-0.007779	-0.007683	-0.007665	-0.007878	-0.008877	-0.013081	-0.013684	-0.013697
"2015-12-04 00:00"	0.000000	0.000000	-0.003645	-0.010361	-0.011535	-0.011543	-0.011440	-0.011610	-0.012566	-0.016844	-0.017420	-0.017401
"2015-12-05 00:00"	0.000000	0.000000	-0.003694	-0.010568	-0.011839	-0.011784	-0.011709	-0.011896	-0.012893	-0.017290	-0.017891	-0.017893
"2015-12-06 00:00"	0.000000	0.000000	-0.002811	-0.007394	-0.008009	-0.007928	-0.007909	-0.008124	-0.009148	-0.013600	-0.014212	-0.014230
"2015-12-07 00:00"	0.000000	0.000000	-0.004053	-0.011771	-0.013227	-0.013132	-0.013032	-0.013209	-0.014186	-0.018610	-0.019184	-0.019168
"2015-12-08 00:00"	0.000000	0.000000	-0.003183	-0.008865	-0.009714	-0.009694	-0.009637	-0.009831	-0.010836	-0.015283	-0.015874	-0.015886
"2015-12-09 00:00"	0.000000	0.000000	-0.002665	-0.007134	-0.007646	-0.007796	-0.007779	-0.008025	-0.009071	-0.013530	-0.014137	-0.014175
"2015-12-10 00:00"	0.000000	0.000000	-0.002606	-0.006869	-0.007247	-0.007384	-0.007297	-0.007456	-0.008397	-0.012751	-0.013280	-0.013244
"2015-12-11 00:00"	0.000000	0.000000	-0.003051	-0.008169	-0.008881	-0.008812	-0.008781	-0.008999	-0.009998	-0.014408	-0.014976	-0.014988
"2015-12-12 00:00"	0.000000	0.000000	-0.002749	-0.007236	-0.007707	-0.007804	-0.007750	-0.007941	-0.008910	-0.013309	-0.013855	-0.013850
"2015-12-13 00:00"	0.000000	0.000000	-0.002796	-0.007512	-0.008030	-0.008131	-0.008085	-0.008290	-0.009268	-0.013679	-0.014230	-0.014235
"2015-12-14 00:00"	0.000000	0.000000	-0.003252	-0.009140	-0.010031	-0.010101	-0.010067	-0.010288	-0.011273	-0.015677	-0.016236	-0.016259
"2015-12-15 00:00"	0.000000	0.000000	-0.003421	-0.009358	-0.010262	-0.010123	-0.010032	-0.010179	-0.011071	-0.015384	-0.015884	-0.015851
"2015-12-16 00:00"	0.000000	0.000000	-0.002493	-0.006433	-0.006681	-0.006794	-0.006756	-0.006953	-0.007896	-0.012264	-0.012798	-0.012803
"2015-12-17 00:00"	0.000000	0.000000	-0.002763	-0.007306	-0.007830	-0.007847	-0.007816	-0.008011	-0.008949	-0.013346	-0.013883	-0.013891
"2015-12-18 00:00"	0.000000	0.000000	-0.002921	-0.007824	-0.008406	-0.008390	-0.008336	-0.008515	-0.009422	-0.013823	-0.014345	-0.014337
"2015-12-19 00:00"	0.000000	0.000000	-0.002159	-0.005418	-0.005463	-0.005676	-0.005646	-0.005841	-0.006768	-0.011207	-0.011741	-0.011743
"2015-12-20 00:00"	0.000000	0.000000	-0.002754	-0.007342	-0.007803	-0.007944	-0.007894	-0.008079	-0.008985	-0.013437	-0.013966	-0.013962
"2015-12-21 00:00"	0.000000	0.000000	-0.002702	-0.007193	-0.007664	-0.007795	-0.007741	-0.007924	-0.008821	-0.013296	-0.013833	-0.013835
"2015-12-22 00:00"	0.000000	0.000000	-0.003248	-0.008933	-0.009819	-0.009712	-0.009666	-0.009853	-0.010736	-0.015216	-0.015749	-0.015746
"2015-12-23 00:00"	0.000000	0.000000	-0.003266	-0.009042	-0.009940	-0.009876	-0.009865	-0.010087	-0.011015	-0.015549	-0.016128	-0.016168
"2015-12-24 00:00"	0.000000	0.000000	-0.001567	-0.003510	-0.003563	-0.003556	-0.003542	-0.003743	-0.004616	-0.009090	-0.009630	-0.009631
"2015-12-25 00:00"	0.000000	0.000000	-0.001723	-0.003824	-0.003787	-0.003887	-0.003835	-0.003996	-0.004809	-0.009238	-0.009747	-0.009714
"2015-12-26 00:00"	0.000000	0.000000	-0.002588	-0.006635	-0.006682	-0.006846	-0.006829	-0.007062	-0.007959	-0.012489	-0.013067	-0.013101
"2015-12-27 00:00"	0.000000	0.000000	-0.001525	-0.003256	-0.003310	-0.003290	-0.003276	-0.003479	-0.004322	-0.008826	-0.009378	-0.009378
"2015-12-28 00:00"	0.000000	0.000000	-0.002307	-0.005504	-0.005712	-0.005841	-0.005735	-0.005880	-0.006645	-0.011110	-0.011619	-0.011568
"2015-12-29 00:00"	0.000000	0.000000	-0.003108	-0.008172	-0.009189	-0.009195	-0.009158	-0.009360	-0.010199	-0.014778	-0.015357	-0.015367
"2015-12-30 00:00"	0.000000	0.000000	-0.002405	-0.006007	-0.006599	-0.006596	-0.006613	-0.006869	-0.007759	-0.012425	-0.013047	-0.013086
"2015-12-31 00:00"	0.000000	0.000000	-0.002266	-0.005507	-0.005863	-0.005816	-0.005782	-0.005983	-0.006803	-0.011443	-0.012040	-0.012041
"2016-01-01 00:00"	0.000000	0.000000	-0.003668	-0.010072	-0.011332	-0.011222	-0.011137	-0.011286	-0.012040	-0.016675	-0.017240	-0.017192
"2016-01-02 00:00"	0.000000	0.000000	-0.004105	-0.011909	-0.013511	-0.013456	-0.013411	-0.013614	-0.014430	-0.019197	-0.019827	-0.019823
"2016-01-03 00:00"	0.000000	0.000000	-0.003630	-0.010220	-0.011527	-0.011470	-0.011426	-0.011642	-0.012482	-0.017297	-0.017959	-0.017967
"2016-01-04 00:00"	0.000000	0.000000	-0.003743	-0.010737	-0.012141	-0.012087	-0.012033	-0.012239	-0.013048	-0.017825	-0.018487	-0.018484
"2016-01-05 00:00"	0.000000	0.000000	-0.004297	-0.012584	-0.014269	-0.014206	-0.014153	-0.014363	-0.015186	-0.019935	-0.020616	-0.020615
"2016-01-06 00:00"	0.000000	0.000000	-0.002180	-0.005495	-0.005821	-0.005830	-0.005840	-0.006120	-0.007003	-0.011741	-0.012477	-0.012523
"2016-01-07 00:00"	0.000000	0.000000	-0.004014	-0.011752	-0.013124	-0.013001	-0.012912	-0.013085	-0.013834	-0.018383	-0.019034	-0.018984
"2016-01-08 00:00"	0.000000	0.000000	-0.003605	-0.010459	-0.011785	-0.011740	-0.011707	-0.011942	-0.012766	-0.017323	-0.018040	-0.018048
"2016-01-09 00:00"	0.000000	0.000000	-0.003684	-0.010647	-0.012026	-0.011953	-0.011894	-0.012104	-0.012911	-0.017396	-0.018119	-0.018122
"2016-01-10 00:00"	0.000000	0.000000	-0.004122	-0.012170	-0.013753	-0.013700	-0.013636	-0.013843	-0.014633	-0.019031	-0.019749	-0.019740
"2016-01-11 00:00"	0.000000	0.000000	-0.004057	-0.011824	-0.013455	-0.013355	-0.013324	-0.013554	-0.014366	-0.018707	-0.019444	-0.019452
"2016-01-12 00:00"	0.000000	0.000000	-0.003755	-0.010917	-0.012293	-0.012197	-0.012122	-0.012332	-0.013122	-0.017370	-0.018096	-0.018088
"2016-01-13 00:00"	0.000000	0.000000	-0.003586	-0.010336	-0.011526	-0.011463	-0.011404	-0.011611	-0.012404	-0.016586	-0.017321	-0.017325
"2016-01-14 00:00"	0.000000	0.000000	-0.002895	-0.008019	-0.008824	-0.008808	-0.008795	-0.009053	-0.009899	-0.014061	-0.014835	-0.014880
"2016-01-15 00:00"	0.000000	0.000000	-0.003726	-0.010921	-0.012155	-0.012053	-0.011977	-0.012152	-0.012887	-0.016886	-0.017577	-0.017536
"2016-01-16 00:00"	0.000000	0.000000	-0.003373	-0.009639	-0.010741	-0.010675	-0.010631	-0.010847	-0.011632	-0.015633	-0.016364	-0.016367
"2016-01-17 00:00"	0.000000	0.000000	-0.004111	-0.012158	-0.013729	-0.013667	-0.013609	-0.013811	-0.014586	-0.018521	-0.019235	-0.019221
"2016-01-18 00:00"	0.000000	0.000000	-0.003204	-0.009006	-0.009947	-0.009898	-0.009841	-0.010034	-0.010805	-0.014701	-0.015430	-0.015437
"2016-01-19 00:00"	0.000000	0.000000	-0.003332	-0.009501	-0.010570	-0.010499	-0.010464	-0.010669	-0.011448	-0.015292	-0.016013	-0.016017
"2016-01-20 00:00"	0.000000	0.000000	-0.003194	-0.008942	-0.009908	-0.009895	-0.009900	-0.010128	-0.010937	-0.014767	-0.015511	-0.015546
"2016-01-21 00:00"	0.000000	0.000000	-0.001693	-0.003881	-0.003910	-0.003925	-0.003874	-0.004041	-0.004767	-0.008479	-0.009155	-0.009128
"2016-01-22 00:00"	0.000000	0.000000	-0.002154	-0.005152	-0.005248	-0.005223	-0.005218	-0.005428	-0.006215	-0.009964	-0.010683	-0.010703
"2016-01-23 00:00"	0.000000	0.000000	-0.003530	-0.009845	-0.010905	-0.010817	-0.010750	-0.010898	-0.011619	-0.015327	-0.016000	-0.015968
"2016-01-24 00:00"	0.000000	0.000000	-0.004133	-0.011845	-0.013469	-0.013405	-0.013376	-0.013564	-0.014325	-0.018107	-0.018807	-0.018794
"2016-01-25 00:00"	0.000000	0.000000	-0.004128	-0.011887	-0.013531	-0.013464	-0.013430	-0.013608	-0.014391	-0.018240	-0.018972	-0.018980
"2016-01-26 00:00"	0.000000	0.000000	-0.002313	-0.005773	-0.006151	-0.006147	-0.006145	-0.006369	-0.007207	-0.011119	-0.011883	-0.011918
"2016-01-27 00:00"	0.000000	0.000000	-0.002943	-0.007926	-0.008660	-0.008618	-0.008553	-0.008716	-0.009479	-0.013394	-0.014101	-0.014062
"2016-01-28 00:00"	0.000000	0.000000	-0.003530	-0.010080	-0.011304	-0.011318	-0.011295	-0.011501	-0.012318	-0.016371	-0.017137	-0.017145
"2016-01-29 00:00"	0.000000	0.000000	-0.003580	-0.010102	-0.011195	-0.011175	-0.011116	-0.011314	-0.012144	-0.016236	-0.017006	-0.017001
"2016-01-30 00:00"	0.000000	0.000000	-0.002691	-0.007025	-0.007518	-0.007579	-0.007548	-0.007767	-0.008632	-0.012761	-0.013562	-0.013582
"2016-01-31 00:00"	0.000000	0.000000	-0.003490	-0.009806	-0.010843	-0.010839	-0.010745	-0.010934	-0.011764	-0.015864	-0.016635	-0.016614
"2016-02-01 00:00"	0.000000	0.000000	-0.003643	-0.009957	-0.011029	-0.010891	-0.010849	-0.011064	-0.011938	-0.016090	-0.016897	-0.016906
"2016-02-02 00:00"	0.000000	0.000000	-0.003111	-0.008432	-0.009170	-0.009216	-0.009151	-0.009346	-0.010204	-0.014336	-0.015128	-0.015117
"2016-02-03 00:00"	0.000000	0.000000	-0.004101	-0.011927	-0.013341	-0.013317	-0.013234	-0.013418	-0.014273	-0.018389	-0.019184	-0.019174
"2016-02-04 00:00"	0.000000	0.000000	-0.003231	-0.008862	-0.009782	-0.009716	-0.009676	-0.009904	-0.010808	-0.014936	-0.015757	-0.015777
"2016-02-05 00:00"	0.000000	0.000000	-0.003927	-0.011282	-0.012656	-0.012593	-0.012546	-0.012741	-0.013602	-0.017661	-0.018448	-0.018438
"2016-02-06 00:00"	0.000000	0.000000	-0.003363	-0.009490	-0.010635	-0.010566	-0.010511	-0.010698	-0.011571	-0.015615	-0.016411	-0.016412
"2016-02-07 00:00"	0.000000	0.000000	-0.002386	-0.006157	-0.006557	-0.006669	-0.006669	-0.006914	-0.007845	-0.011896	-0.012720	-0.012761
"2016-02-08 00:00"	0.000000	0.000000	-0.002118	-0.005096	-0.005075	-0.005157	-0.005081	-0.005240	-0.006061	-0.009972	-0.010709	-0.010668
"2016-02-09 00:00"	0.000000	0.000000	-0.001598	-0.003660	-0.003824	-0.003849	-0.003876	-0.004119	-0.005045	-0.009020	-0.009827	-0.009869
"2016-02-10 00:00"	0.000000	0.000000	-0.001621	-0.003311	-0.003367	-0.003346	-0.003333	-0.003529	-0.004398	-0.008297	-0.009054	-0.009055
"2016-02-11 00:00"	0.000000	0.000000	-0.002626	-0.006441	-0.006556	-0.006588	-0.006500	-0.006645	-0.007455	-0.011324	-0.012035	-0.011988
"2016-02-12 00:00"	0.000000	0.000000	-0.001904	-0.004239	-0.004472	-0.004493	-0.004509	-0.004744	-0.005682	-0.009740	-0.010549	-0.010595
"2016-02-13 00:00"	0.000000	0.000000	-0.001807	-0.003613	-0.003636	-0.003674	-0.003621	-0.003781	-0.004628	-0.009764	-0.010514	-0.010481
"2016-02-14 00:00"	0.000000	0.000000	-0.003357	-0.009074	-0.010254	-0.010227	-0.010195	-0.010381	-0.011269	-0.015555	-0.016342	-0.016332
"2016-02-15 00:00"	0.000000	0.000000	-0.003233	-0.008423	-0.009475	-0.009472	-0.009425	-0.009605	-0.010506	-0.014899	-0.015705	-0.015698
"2016-02-16 00:00"	0.000000	0.000000	-0.002824	-0.007225	-0.008025	-0.008007	-0.007960	-0.008152	-0.009073	-0.013537	-0.014360	-0.014356
"2016-02-17 00:00"	0.000000	0.000000	-0.002016	-0.004541	-0.004634	-0.004746	-0.004721	-0.004935	-0.005883	-0.010425	-0.011278	-0.011292
"2016-02-18 00:00"	0.000000	0.000000	-0.001544	-0.003311	-0.003460	-0.003479	-0.003503	-0.003759	-0.004756	-0.009370	-0.010261	-0.010299
"2016-02-19 00:00"	0.000000	0.000000	-0.003147	-0.008253	-0.008946	-0.009067	-0.008948	-0.009104	-0.009984	-0.014530	-0.015347	-0.015296
"2016-02-20 00:00"	0.000000	0.000000	-0.003389	-0.009458	-0.010704	-0.010721	-0.010724	-0.010979	-0.011998	-0.016705	-0.017634	-0.017684
"2016-02-21 00:00"	0.000000	0.000000	-0.001940	-0.004392	-0.004322	-0.004442	-0.004363	-0.004541	-0.005455	-0.010061	-0.010920	-0.010887
"2016-02-22 00:00"	0.000000	0.000000	-0.003881	-0.011165	-0.012719	-0.012640	-0.012578	-0.012776	-0.013722	-0.018336	-0.019227	-0.019217
"2016-02-23 00:00"	0.000000	0.000000	-0.002303	-0.005668	-0.006002	-0.005989	-0.005961	-0.006193	-0.007169	-0.011773	-0.012682	-0.012687
"2016-02-24 00:00"	0.000000	0.000000	-0.003131	-0.008679	-0.009739	-0.009726	-0.009733	-0.010000	-0.011024	-0.015657	-0.016613	-0.016660
"2016-02-25 00:00"	0.000000	0.000000	-0.001628	-0.003510	-0.003497	-0.003551	-0.003493	-0.003686	-0.004604	-0.009113	-0.009994	-0.009960
"2016-02-26 00:00"	0.000000	0.000000	-0.003253	-0.008918	-0.009649	-0.009816	-0.009748	-0.009959	-0.010909	-0.015434	-0.016345	-0.016334
"2016-02-27 00:00"	0.000000	0.000000	-0.003755	-0.010579	-0.012080	-0.011972	-0.011924	-0.012143	-0.013113	-0.017651	-0.018585	-0.018591
"2016-02-28 00:00"	0.000000	0.000000	-0.003733	-0.010642	-0.012032	-0.011972	-0.011920	-0.012141	-0.013108	-0.017626	-0.018556	-0.018550
"2016-02-29 00:00"	0.000000	0.000000	-0.002562	-0.006649	-0.007161	-0.007191	-0.007199	-0.007478	-0.008511	-0.013062	-0.014040	-0.014081
"2016-03-01 00:00"	0.000000	0.000000	-0.002085	-0.005113	-0.005224	-0.005332	-0.005286	-0.005520	-0.006484	-0.010954	-0.011894	-0.011894
"2016-03-02 00:00"	0.000000	0.000000	-0.001597	-0.003465	-0.003527	-0.003505	-0.003490	-0.003722	-0.004685	-0.009150	-0.010097	-0.010101
"2016-03-03 00:00"	0.000000	0.000000	-0.003325	-0.009230	-0.010124	-0.009992	-0.009913	-0.010092	-0.010992	-0.015389	-0.016293	-0.016246
"2016-03-04 00:00"	0.000000	0.000000	-0.002050	-0.004792	-0.004886	-0.005015	-0.004995	-0.005237	-0.006211	-0.010668	-0.011629	-0.011639
"2016-03-05 00:00"	0.000000	0.000000	-0.002565	-0.006580	-0.007178	-0.007143	-0.007092	-0.007316	-0.008278	-0.012738	-0.013695	-0.013690
"2016-03-06 00:00"	0.000000	0.000000	-0.003075	-0.008305	-0.009322	-0.009263	-0.009220	-0.009456	-0.010423	-0.015997	-0.016978	-0.016980
"2016-03-07 00:00"	0.000000	0.000000	-0.003732	-0.010658	-0.012084	-0.012006	-0.011944	-0.012159	-0.013121	-0.017766	-0.018756	-0.018751
"2016-03-08 00:00"	0.000000	0.000000	-0.002709	-0.007138	-0.007722	-0.007747	-0.007713	-0.007965	-0.008963	-0.013713	-0.014740	-0.014750
"2016-03-09 00:00"	0.000000	0.000000	-0.001952	-0.004658	-0.004846	-0.004850	-0.004862	-0.005153	-0.006202	-0.011070	-0.012147	-0.012183
"2016-03-10 00:00"	0.000000	0.000000	-0.002482	-0.006275	-0.006558	-0.006474	-0.006391	-0.006604	-0.007564	-0.012384	-0.013398	-0.013343
"2016-03-11 00:00"	0.000000	0.000000	-0.002544	-0.006662	-0.007401	-0.007402	-0.007372	-0.007566	-0.008832	-0.018497	-0.019654	-0.019876
"2016-03-12 00:00"	0.000000	0.000000	-0.002918	-0.007897	-0.008589	-0.008526	-0.008482	-0.008751	-0.009801	-0.014856	-0.015995	-0.015995
"2016-03-13 00:00"	0.000000	0.000000	-0.002373	-0.006019	-0.006354	-0.006392	-0.006305	-0.006549	-0.007567	-0.012612	-0.013750	-0.013707
"2016-03-14 00:00"	0.000000	0.000000	-0.002515	-0.006509	-0.007112	-0.007122	-0.007129	-0.007464	-0.008623	-0.013818	-0.015084	-0.015128
"2016-03-15 00:00"	0.000000	0.000000	-0.003653	-0.010190	-0.011416	-0.011307	-0.011202	-0.011448	-0.012513	-0.017635	-0.018861	-0.018821
"2016-03-16 00:00"	0.000000	0.000000	-0.003772	-0.010834	-0.012265	-0.012201	-0.012137	-0.012420	-0.013550	-0.018709	-0.020006	-0.020002
"2016-03-17 00:00"	0.000000	0.000000	-0.003083	-0.008543	-0.009485	-0.009570	-0.009569	-0.009929	-0.011148	-0.016331	-0.017708	-0.017753
"2016-03-18 00:00"	0.000000	0.000000	-0.002744	-0.007240	-0.007814	-0.007747	-0.007664	-0.007939	-0.009059	-0.014102	-0.015426	-0.015386
"2016-03-19 00:00"	0.000000	0.000000	-0.002582	-0.006861	-0.007455	-0.007477	-0.007434	-0.007753	-0.008945	-0.014086	-0.015487	-0.015482
"2016-03-20 00:00"	0.000000	0.000000	-0.003150	-0.008795	-0.009772	-0.009792	-0.009791	-0.010166	-0.011448	-0.017794	-0.019284	-0.019323
"2016-03-21 00:00"	0.000000	0.000000	-0.002122	-0.005092	-0.005092	-0.005174	-0.005102	-0.005397	-0.006591	-0.013884	-0.015333	-0.015310
"2016-03-22 00:00"	0.000000	0.000000	-0.001547	-0.003420	-0.003534	-0.003559	-0.003587	-0.003975	-0.005304	-0.011241	-0.012830	-0.012861
"2016-03-23 00:00"	0.000000	0.000000	-0.001860	-0.004340	-0.004395	-0.004501	-0.004472	-0.004829	-0.006137	-0.011761	-0.013375	-0.013371
"2016-03-24 00:00"	0.000000	0.000000	-0.001947	-0.004537	-0.004552	-0.004703	-0.004658	-0.005015	-0.006356	-0.011969	-0.013643	-0.013644
"2016-03-25 00:00"	0.000000	0.000000	-0.003217	-0.008667	-0.009513	-0.009561	-0.009450	-0.009756	-0.011063	-0.016657	-0.018345	-0.018300
"2016-03-26 00:00"	0.000000	0.000000	-0.003567	-0.009988	-0.011392	-0.011309	-0.011270	-0.011626	-0.013021	-0.018679	-0.020469	-0.020474
"2016-03-27 00:00"	0.000000	0.000000	-0.001548	-0.003431	-0.003590	-0.003613	-0.003641	-0.004056	-0.005527	-0.011183	-0.013055	-0.013095
"2016-03-28 00:00"	0.000000	0.000000	-0.003056	-0.008088	-0.008760	-0.008884	-0.008777	-0.009103	-0.010480	-0.016029	-0.017872	-0.017833
"2016-03-29 00:00"	0.000000	0.000000	-0.003508	-0.009770	-0.011061	-0.010985	-0.010938	-0.011302	-0.012759	-0.019410	-0.021348	-0.021349
"2016-03-30 00:00"	0.000000	0.000000	-0.004440	-0.012967	-0.014865	-0.014804	-0.014720	-0.015060	-0.016516	-0.022219	-0.024201	-0.024188
"2016-03-31 00:00"	0.000000	0.000000	-0.002509	-0.006512	-0.007013	-0.007026	-0.006993	-0.007372	-0.008885	-0.014602	-0.016662	-0.016678
"2016-04-01 00:00"	0.000000	0.000000	-0.004308	-0.012642	-0.014459	-0.014356	-0.014276	-0.014624	-0.016120	-0.021745	-0.023824	-0.023813
"2016-04-02 00:00"	0.000000	0.000000	-0.001717	-0.003980	-0.004221	-0.004243	-0.004269	-0.004698	-0.006282	-0.011894	-0.014067	-0.014115
"2016-04-03 00:00"	0.000000	0.000000	-0.001922	-0.004576	-0.004625	-0.004561	-0.004515	-0.004864	-0.006357	-0.011818	-0.013960	-0.013941
"2016-04-04 00:00"	0.000000	0.000000	-0.002447	-0.006151	-0.006267	-0.006284	-0.006295	-0.006699	-0.008276	-0.019125	-0.021334	-0.021349
"2016-04-05 00:00"	0.000000	0.000000	-0.001829	-0.004107	-0.004153	-0.004106	-0.004072	-0.004429	-0.005983	-0.013079	-0.015283	-0.015245
"2016-04-06 00:00"	0.000000	0.000000	-0.002501	-0.006300	-0.006676	-0.006669	-0.006604	-0.006953	-0.008509	-0.020513	-0.022888	-0.022887
"2016-04-07 00:00"	0.000000	0.000000	-0.003854	-0.011051	-0.012609	-0.012500	-0.012448	-0.012827	-0.014464	-0.020292	-0.022770	-0.022760
"2016-04-08 00:00"	0.000000	0.000000	-0.003944	-0.011337	-0.012893	-0.012815	-0.012753	-0.013136	-0.014815	-0.020668	-0.023256	-0.023252
"2016-04-09 00:00"	0.000000	0.000000	-0.003351	-0.009467	-0.010641	-0.010670	-0.010614	-0.011016	-0.012733	-0.018586	-0.021270	-0.021272
"2016-04-10 00:00"	0.000000	0.000000	-0.001789	-0.004168	-0.004289	-0.004347	-0.004329	-0.004751	-0.006506	-0.012344	-0.015121	-0.015136
"2016-04-11 00:00"	0.000000	0.000000	-0.001865	-0.004433	-0.004519	-0.004537	-0.004555	-0.005013	-0.006820	-0.012665	-0.015530	-0.015563
"2016-04-12 00:00"	0.000000	0.000000	-0.001954	-0.004519	-0.004557	-0.004529	-0.004485	-0.004884	-0.006643	-0.013982	-0.016802	-0.016747
"2016-04-13 00:00"	0.000000	0.000000	-0.001922	-0.004453	-0.004557	-0.004556	-0.004562	-0.005016	-0.006824	-0.016265	-0.019275	-0.019317
"2016-04-14 00:00"	0.000000	0.000000	-0.001691	-0.003681	-0.003660	-0.003730	-0.003675	-0.004075	-0.005841	-0.012297	-0.015322	-0.015291
"2016-04-15 00:00"	0.000000	0.000000	-0.002635	-0.006786	-0.007105	-0.007053	-0.007020	-0.007450	-0.009285	-0.016683	-0.019769	-0.019746
"2016-04-16 00:00"	0.000000	0.000000	-0.003990	-0.011653	-0.013424	-0.013307	-0.013254	-0.013681	-0.015544	-0.022150	-0.025362	-0.025360
"2016-04-17 00:00"	0.000000	0.000000	-0.001881	-0.004457	-0.004686	-0.004704	-0.004732	-0.005232	-0.007210	-0.013429	-0.016755	-0.016799
"2016-04-18 00:00"	0.000000	0.000000	-0.001461	-0.003136	-0.003188	-0.003169	-0.003156	-0.003609	-0.005562	-0.012413	-0.015759	-0.015760
"2016-04-19 00:00"	0.000000	0.000000	-0.001764	-0.003955	-0.003931	-0.004009	-0.003950	-0.004363	-0.006965	-0.015338	-0.018712	-0.018681
"2016-04-20 00:00"	0.000000	0.000000	-0.003644	-0.010454	-0.011524	-0.011644	-0.011570	-0.012016	-0.015091	-0.022437	-0.025899	-0.025895
"2016-04-21 00:00"	0.000000	0.000000	-0.003542	-0.010032	-0.011417	-0.011352	-0.011302	-0.011751	-0.013995	-0.020256	-0.023783	-0.023790
"2016-04-22 00:00"	0.000000	0.000000	-0.003832	-0.011195	-0.012764	-0.012676	-0.012619	-0.013063	-0.015371	-0.021532	-0.025092	-0.025092
"2016-04-23 00:00"	0.000000	0.000000	-0.002359	-0.006223	-0.006742	-0.006748	-0.006767	-0.007272	-0.009711	-0.015854	-0.019495	-0.019552
"2016-04-24 00:00"	0.000000	0.000000	-0.003633	-0.010424	-0.011822	-0.011667	-0.011568	-0.011978	-0.018837	-0.029791	-0.033392	-0.033364
"2016-04-25 00:00"	0.000000	0.000000	-0.003274	-0.009307	-0.010456	-0.010383	-0.010326	-0.010778	-0.013360	-0.019516	-0.023202	-0.023215
"2016-04-26 00:00"	0.000000	0.000000	-0.003994	-0.011908	-0.013473	-0.013385	-0.013340	-0.013789	-0.016429	-0.022572	-0.026289	-0.026292
"2016-04-27 00:00"	0.000000	0.000000	-0.004016	-0.011853	-0.013431	-0.013345	-0.013299	-0.013763	-0.016457	-0.022563	-0.026319	-0.026340
"2016-04-28 00:00"	0.000000	0.000000	-0.003368	-0.009833	-0.010984	-0.010951	-0.010934	-0.011422	-0.014152	-0.020188	-0.023978	-0.024029
"2016-04-29 00:00"	0.000000	0.000000	-0.002149	-0.005525	-0.005799	-0.005810	-0.005749	-0.006177	-0.008840	-0.016501	-0.020247	-0.020244
"2016-04-30 00:00"	0.000000	0.000000	-0.002591	-0.007023	-0.007474	-0.007452	-0.007445	-0.007930	-0.010732	-0.016841	-0.020641	-0.020688
"2016-05-01 00:00"	0.000000	0.000000	-0.003434	-0.009827	-0.010944	-0.010798	-0.010694	-0.011096	-0.013850	-0.019898	-0.023650	-0.023639
"2016-05-02 00:00"	0.000000	0.000000	-0.003474	-0.009905	-0.011105	-0.011019	-0.010967	-0.011409	-0.014233	-0.020335	-0.024122	-0.024153
"2016-05-03 00:00"	0.000000	0.000000	-0.001700	-0.004043	-0.004162	-0.004172	-0.004187	-0.004667	-0.007514	-0.014248	-0.018047	-0.018098
"2016-05-04 00:00"	0.000000	0.000000	-0.003275	-0.009371	-0.010239	-0.010114	-0.010037	-0.010437	-0.013223	-0.020538	-0.024263	-0.024257
"2016-05-05 00:00"	0.000000	0.000000	-0.002051	-0.005235	-0.005448	-0.005546	-0.005540	-0.006008	-0.008897	-0.015040	-0.018811	-0.018868
"2016-05-06 00:00"	0.000000	0.000000	-0.003039	-0.008468	-0.009332	-0.009302	-0.009210	-0.009590	-0.012385	-0.018405	-0.022095	-0.022092
"2016-05-07 00:00"	0.000000	0.000000	-0.003669	-0.010571	-0.011902	-0.011808	-0.011752	-0.012162	-0.014990	-0.021007	-0.024713	-0.024754
"2016-05-08 00:00"	0.000000	0.000000	-0.002791	-0.007653	-0.008430	-0.008345	-0.008294	-0.008698	-0.011483	-0.017413	-0.021078	-0.021113
"2016-05-09 00:00"	0.000000	0.000000	-0.001963	-0.004820	-0.004841	-0.004918	-0.004893	-0.005291	-0.008019	-0.013878	-0.017501	-0.017537
"2016-05-10 00:00"	0.000000	0.000000	-0.003055	-0.008457	-0.009332	-0.009253	-0.009199	-0.009576	-0.012237	-0.018022	-0.021595	-0.021628
"2016-05-11 00:00"	0.000000	0.000000	-0.002350	-0.006012	-0.006412	-0.006348	-0.006335	-0.006728	-0.009346	-0.015088	-0.018628	-0.018681
"2016-05-12 00:00"	0.000000	0.000000	-0.002748	-0.007495	-0.008115	-0.008063	-0.008035	-0.008416	-0.010969	-0.016684	-0.020167	-0.020215
"2016-05-13 00:00"	0.000000	0.000000	-0.002243	-0.005871	-0.006170	-0.006131	-0.006101	-0.006453	-0.008912	-0.014589	-0.018004	-0.018039
"2016-05-14 00:00"	0.000000	0.000000	-0.002762	-0.007533	-0.008011	-0.008170	-0.008072	-0.008377	-0.010725	-0.016346	-0.019672	-0.019674
"2016-05-15 00:00"	0.000000	0.000000	-0.001625	-0.003768	-0.003886	-0.003955	-0.003945	-0.004298	-0.006640	-0.012309	-0.015629	-0.015683
"2016-05-16 00:00"	0.000000	0.000000	-0.001930	-0.004619	-0.004686	-0.004709	-0.004697	-0.005034	-0.007291	-0.012919	-0.016160	-0.016189
"2016-05-17 00:00"	0.000000	0.000000	-0.002325	-0.005903	-0.006118	-0.006107	-0.006111	-0.006458	-0.008677	-0.014339	-0.017549	-0.017607
"2016-05-18 00:00"	0.000000	0.000000	-0.001583	-0.003333	-0.003376	-0.003342	-0.003316	-0.003618	-0.005729	-0.011387	-0.014512	-0.014538
"2016-05-19 00:00"	0.000000	0.000000	-0.002972	-0.007940	-0.008655	-0.008578	-0.008522	-0.008802	-0.010844	-0.016595	-0.019640	-0.019651
"2016-05-20 00:00"	0.000000	0.000000	-0.003662	-0.010405	-0.011694	-0.011649	-0.011576	-0.011843	-0.013829	-0.019530	-0.022535	-0.022553
"2016-05-21 00:00"	0.000000	0.000000	-0.001902	-0.004358	-0.004471	-0.004506	-0.004530	-0.004860	-0.006865	-0.013059	-0.016039	-0.016094
"2016-05-22 00:00"	0.000000	0.000000	-0.003132	-0.008628	-0.009558	-0.009502	-0.009472	-0.009757	-0.011674	-0.017667	-0.020580	-0.020623
"2016-05-23 00:00"	0.000000	0.000000	-0.002907	-0.007922	-0.008690	-0.008761	-0.008708	-0.008972	-0.010840	-0.016928	-0.019803	-0.019832
"2016-05-24 00:00"	0.000000	0.000000	-0.003203	-0.008933	-0.009958	-0.009844	-0.009764	-0.009986	-0.011778	-0.017495	-0.020287	-0.020283
"2016-05-25 00:00"	0.000000	0.000000	-0.001525	-0.003422	-0.003552	-0.003580	-0.003603	-0.003913	-0.005774	-0.011529	-0.014347	-0.014416
"2016-05-26 00:00"	0.000000	0.000000	-0.002094	-0.004911	-0.004901	-0.004951	-0.004900	-0.005132	-0.006865	-0.012460	-0.015167	-0.015170
"2016-05-27 00:00"	0.000000	0.000000	-0.003435	-0.009681	-0.010810	-0.010722	-0.010683	-0.010936	-0.012656	-0.018195	-0.020875	-0.020901
"2016-05-28 00:00"	0.000000	0.000000	-0.003170	-0.008753	-0.009852	-0.009794	-0.009753	-0.010004	-0.011682	-0.017132	-0.019770	-0.019803
"2016-05-29 00:00"	0.000000	0.000000	-0.001703	-0.003755	-0.003809	-0.003852	-0.003860	-0.004139	-0.005791	-0.011151	-0.013753	-0.013806
"2016-05-30 00:00"	0.000000	0.000000	-0.002607	-0.006684	-0.007059	-0.007105	-0.007020	-0.007229	-0.008737	-0.013940	-0.016429	-0.016420
"2016-05-31 00:00"	0.000000	0.000000	-0.002975	-0.008088	-0.008961	-0.008977	-0.008945	-0.009200	-0.010738	-0.015987	-0.018485	-0.018531
"2016-06-01 00:00"	0.000000	0.000000	-0.003141	-0.008570	-0.009545	-0.009446	-0.009375	-0.009583	-0.011017	-0.016173	-0.018581	-0.018583
"2016-06-02 00:00"	0.000000	0.000000	-0.003470	-0.009716	-0.010933	-0.010847	-0.010802	-0.011033	-0.012446	-0.017585	-0.019962	-0.019981
"2016-06-03 00:00"	0.000000	0.000000	-0.001696	-0.003889	-0.003998	-0.004017	-0.004038	-0.004305	-0.005712	-0.010854	-0.013215	-0.013271
"2016-06-04 00:00"	0.000000	0.000000	-0.001822	-0.004241	-0.004298	-0.004275	-0.004260	-0.004485	-0.005808	-0.011352	-0.013637	-0.013657
"2016-06-05 00:00"	0.000000	0.000000	-0.002207	-0.005360	-0.005415	-0.005378	-0.005353	-0.005564	-0.006856	-0.012281	-0.014521	-0.014531
"2016-06-06 00:00"	0.000000	0.000000	-0.003429	-0.009490	-0.010761	-0.010631	-0.010548	-0.010734	-0.011985	-0.017308	-0.019498	-0.019491
"2016-06-07 00:00"	0.000000	0.000000	-0.002291	-0.005531	-0.005884	-0.005899	-0.005875	-0.006101	-0.007384	-0.014023	-0.016220	-0.016255
"2016-06-08 00:00"	0.000000	0.000000	-0.002737	-0.007161	-0.007889	-0.007832	-0.007786	-0.007992	-0.009246	-0.014725	-0.016873	-0.016885
"2016-06-09 00:00"	0.000000	0.000000	-0.002546	-0.006485	-0.007004	-0.006954	-0.006920	-0.007138	-0.008405	-0.014898	-0.017028	-0.017045
"2016-06-10 00:00"	0.000000	0.000000	-0.003113	-0.008609	-0.009604	-0.009517	-0.009463	-0.009664	-0.010916	-0.016459	-0.018553	-0.018560
"2016-06-11 00:00"	0.000000	0.000000	-0.002613	-0.006914	-0.007552	-0.007518	-0.007498	-0.007736	-0.009035	-0.014590	-0.016699	-0.016747
"2016-06-12 00:00"	0.000000	0.000000	-0.001891	-0.004488	-0.004456	-0.004660	-0.004628	-0.004852	-0.006123	-0.011624	-0.013684	-0.013702
"2016-06-13 00:00"	0.000000	0.000000	-0.001501	-0.003200	-0.003260	-0.003241	-0.003228	-0.003456	-0.004724	-0.010198	-0.012238	-0.012256
"2016-06-14 00:00"	0.000000	0.000000	-0.001438	-0.003085	-0.003139	-0.003119	-0.003107	-0.003339	-0.004612	-0.010083	-0.012104	-0.012122
"2016-06-15 00:00"	0.000000	0.000000	-0.001621	-0.003177	-0.003218	-0.003188	-0.003166	-0.003390	-0.004670	-0.010922	-0.012858	-0.012827
