"2015-06-16 00:00"	0.000000	0.000000	0.000000	0.000000	0.000000	0.000000	0.000000	0.000000	0.000000	0.000000	0.000000	0.000000
"2015-06-17 00:00"	0.000000	0.000000	0.000000	0.000000	0.000000	0.000000	0.000000	-0.009034	-0.003314	-0.006467	-0.005755	-0.008357
"2015-06-18 00:00"	0.000000	0.000000	0.000000	0.000000	0.000000	0.000000	0.000000	-0.009390	-0.003169	-0.006737	-0.011781	-0.008683
"2015-06-19 00:00"	0.000000	0.000000	0.000000	0.000000	0.000000	0.000000	0.000000	-8.91e-04	0.000000	-6.18e-04	-0.012255	-7.84e-04
"2015-06-20 00:00"	0.000000	0.000000	0.000000	0.000000	0.000000	0.000000	0.000000	-0.002330	-1.12e-04	-0.007458	-0.013229	-0.001562
"2015-06-21 00:00"	0.000000	0.000000	0.000000	0.000000	0.000000	0.000000	0.000000	-0.005650	-0.001823	-0.012955	-0.015205	-0.003139
"2015-06-22 00:00"	0.000000	0.000000	0.000000	0.000000	0.000000	0.000000	0.000000	-0.002048	-5.37e-04	-0.007652	-0.012974	-6.95e-04
"2015-06-23 00:00"	0.000000	0.000000	0.000000	0.000000	0.000000	0.000000	0.000000	-2.39e-04	0.000000	-0.004980	-0.011797	0.000000
"2015-06-24 00:00"	0.000000	0.000000	0.000000	0.000000	0.000000	0.000000	0.000000	-0.001008	-5.26e-07	-0.004829	-0.012417	-3.67e-07
"2015-06-25 00:00"	0.000000	0.000000	0.000000	0.000000	0.000000	0.000000	0.000000	-0.005765	0.000000	-0.007307	-0.015365	0.000000
"2015-06-26 00:00"	0.000000	0.000000	0.000000	0.000000	0.000000	0.000000	0.000000	-0.011601	-0.003720	-0.010731	-0.019075	-0.005465
"2015-06-27 00:00"	0.000000	0.000000	0.000000	0.000000	0.000000	0.000000	0.000000	-0.003897	-0.001045	-0.005240	-0.014100	-0.001023
"2015-06-28 00:00"	0.000000	0.000000	0.000000	0.000000	0.000000	0.000000	0.000000	-8.47e-04	0.000000	-0.002636	-0.012233	0.000000
"2015-06-29 00:00"	0.000000	0.000000	0.000000	0.000000	0.000000	0.000000	0.000000	-0.003590	0.000000	-0.004327	-0.013988	0.000000
"2015-06-30 00:00"	0.000000	0.000000	0.000000	0.000000	0.000000	0.000000	0.000000	-0.001352	0.000000	-0.002539	-0.012567	0.000000
"2015-07-01 00:00"	0.000000	0.000000	0.000000	0.000000	0.000000	0.000000	0.000000	-1.37e-04	0.000000	-0.001113	-0.011764	0.000000
"2015-07-02 00:00"	0.000000	0.000000	0.000000	0.000000	0.000000	0.000000	0.000000	0.000000	0.000000	-6.63e-04	-0.011738	0.000000
"2015-07-03 00:00"	0.000000	0.000000	0.000000	0.000000	0.000000	0.000000	0.000000	-3.41e-04	-4.79e-07	-5.51e-04	-0.011934	-3.35e-07
"2015-07-04 00:00"	0.000000	0.000000	0.000000	0.000000	0.000000	0.000000	0.000000	-5.67e-05	0.000000	-3.67e-05	-0.011748	0.000000
"2015-07-05 00:00"	0.000000	0.000000	0.000000	0.000000	0.000000	0.000000	0.000000	-0.001789	0.000000	-0.001257	-0.012849	0.000000
"2015-07-06 00:00"	0.000000	0.000000	0.000000	0.000000	0.000000	0.000000	0.000000	-0.005921	-9.20e-07	-0.004201	-0.015428	-6.42e-07
"2015-07-07 00:00"	0.000000	0.000000	0.000000	0.000000	0.000000	0.000000	0.000000	-3.28e-04	0.000000	-2.41e-04	-0.011881	0.000000
"2015-07-08 00:00"	0.000000	0.000000	0.000000	0.000000	0.000000	0.000000	0.000000	-0.001286	-5.29e-07	-8.85e-04	-0.012515	-3.70e-07
"2015-07-09 00:00"	0.000000	0.000000	0.000000	0.000000	0.000000	0.000000	0.000000	-0.001209	0.000000	-8.25e-04	-0.012458	0.000000
"2015-07-10 00:00"	0.000000	0.000000	0.000000	0.000000	0.000000	0.000000	0.000000	-3.37e-04	0.000000	-2.21e-04	-0.011913	0.000000
"2015-07-11 00:00"	0.000000	0.000000	0.000000	0.000000	0.000000	0.000000	0.000000	-0.008821	-8.11e-07	-0.006291	-0.017327	-5.67e-07
"2015-07-12 00:00"	0.000000	0.000000	0.000000	0.000000	0.000000	0.000000	0.000000	-0.001991	-1.61e-06	-0.001386	-0.009974	-1.12e-06
"2015-07-13 00:00"	0.000000	0.000000	0.000000	0.000000	0.000000	0.000000	0.000000	-0.002934	0.000000	-0.002044	-0.005345	0.000000
"2015-07-14 00:00"	0.000000	0.000000	0.000000	0.000000	0.000000	0.000000	0.000000	-1.96e-04	0.000000	-1.31e-04	-0.003539	0.000000
"2015-07-15 00:00"	0.000000	0.000000	0.000000	0.000000	0.000000	0.000000	0.000000	-4.65e-06	0.000000	-3.46e-07	-0.003385	0.000000
"2015-07-16 00:00"	0.000000	0.000000	0.000000	0.000000	0.000000	0.000000	0.000000	-0.001030	0.000000	-7.43e-04	-0.003831	0.000000
"2015-07-17 00:00"	0.000000	0.000000	0.000000	0.000000	0.000000	0.000000	0.000000	-0.005218	0.000000	-0.003657	-0.005918	0.000000
"2015-07-18 00:00"	0.000000	0.000000	0.000000	0.000000	0.000000	0.000000	0.000000	-2.65e-04	0.000000	-1.92e-04	-0.002966	0.000000
"2015-07-19 00:00"	0.000000	0.000000	0.000000	0.000000	0.000000	0.000000	0.000000	-0.004641	0.000000	-0.003242	-0.005553	0.000000
"2015-07-20 00:00"	0.000000	0.000000	0.000000	0.000000	0.000000	0.000000	0.000000	-7.40e-04	-1.76e-06	-5.38e-04	-0.003332	-1.23e-06
"2015-07-21 00:00"	0.000000	0.000000	0.000000	0.000000	0.000000	0.000000	0.000000	-0.002387	-4.79e-07	-0.001687	-0.003599	-3.35e-07
"2015-07-22 00:00"	0.000000	0.000000	0.000000	0.000000	0.000000	0.000000	0.000000	-9.38e-04	-2.06e-06	-6.72e-04	-0.003063	-1.44e-06
"2015-07-23 00:00"	0.000000	0.000000	0.000000	0.000000	0.000000	0.000000	0.000000	-0.006060	0.000000	-0.004265	-0.005657	0.000000
"2015-07-24 00:00"	0.000000	0.000000	0.000000	0.000000	0.000000	0.000000	0.000000	-0.001731	0.000000	-0.001190	-0.003426	0.000000
"2015-07-25 00:00"	0.000000	0.000000	0.000000	0.000000	0.000000	0.000000	0.000000	-0.008708	-4.42e-06	-0.006215	-0.007386	-3.09e-06
"2015-07-26 00:00"	0.000000	0.000000	0.000000	0.000000	0.000000	0.000000	0.000000	-6.32e-04	-5.02e-07	-4.31e-04	-0.002648	-3.49e-07
"2015-07-27 00:00"	0.000000	0.000000	0.000000	0.000000	0.000000	0.000000	0.000000	-7.95e-05	0.000000	-5.27e-05	-0.002338	0.000000
"2015-07-28 00:00"	0.000000	0.000000	0.000000	0.000000	0.000000	0.000000	0.000000	-1.56e-04	0.000000	-1.09e-04	-0.002672	0.000000
"2015-07-29 00:00"	0.000000	0.000000	0.000000	0.000000	0.000000	0.000000	0.000000	0.000000	0.000000	-2.28e-05	-0.002837	0.000000
"2015-07-30 00:00"	0.000000	0.000000	0.000000	0.000000	0.000000	0.000000	0.000000	0.000000	0.000000	0.000000	-0.002787	0.000000
"2015-07-31 00:00"	0.000000	0.000000	0.000000	0.000000	0.000000	0.000000	0.000000	0.000000	0.000000	0.000000	-0.002994	0.000000
"2015-08-01 00:00"	0.000000	0.000000	0.000000	0.000000	0.000000	0.000000	0.000000	0.000000	0.000000	0.000000	-0.003272	0.000000
"2015-08-02 00:00"	0.000000	0.000000	0.000000	0.000000	0.000000	0.000000	0.000000	0.000000	0.000000	-3.16e-05	-0.003141	0.000000
"2015-08-03 00:00"	0.000000	0.000000	0.000000	0.000000	0.000000	0.000000	0.000000	0.000000	0.000000	-3.09e-05	-0.003360	0.000000
"2015-08-04 00:00"	0.000000	0.000000	0.000000	0.000000	0.000000	0.000000	0.000000	0.000000	0.000000	-8.26e-05	-0.003108	0.000000
"2015-08-05 00:00"	0.000000	0.000000	0.000000	0.000000	0.000000	0.000000	0.000000	0.000000	0.000000	-9.74e-05	-0.003036	0.000000
"2015-08-06 00:00"	0.000000	0.000000	0.000000	0.000000	0.000000	0.000000	0.000000	0.000000	0.000000	0.000000	-0.003209	0.000000
"2015-08-07 00:00"	0.000000	0.000000	0.000000	0.000000	0.000000	0.000000	0.000000	0.000000	0.000000	0.000000	-0.002985	0.000000
"2015-08-08 00:00"	0.000000	0.000000	0.000000	0.000000	0.000000	0.000000	0.000000	0.000000	0.000000	0.000000	-0.002882	0.000000
"2015-08-09 00:00"	0.000000	0.000000	0.000000	0.000000	0.000000	0.000000	0.000000	0.000000	0.000000	0.000000	-0.002914	0.000000
"2015-08-10 00:00"	0.000000	0.000000	0.000000	0.000000	0.000000	0.000000	0.000000	0.000000	0.000000	0.000000	-0.003011	0.000000
"2015-08-11 00:00"	0.000000	0.000000	0.000000	0.000000	0.000000	0.000000	0.000000	0.000000	0.000000	0.000000	-0.003105	0.000000
"2015-08-12 00:00"	0.000000	0.000000	0.000000	0.000000	0.000000	0.000000	0.000000	0.000000	0.000000	0.000000	-0.003288	0.000000
"2015-08-13 00:00"	0.000000	0.000000	0.000000	0.000000	0.000000	0.000000	0.000000	0.000000	0.000000	0.000000	-0.003385	0.000000
"2015-08-14 00:00"	0.000000	0.000000	0.000000	0.000000	0.000000	0.000000	0.000000	-1.51e-06	-2.07e-06	-1.13e-06	-0.002975	-1.45e-06
"2015-08-15 00:00"	0.000000	0.000000	0.000000	0.000000	0.000000	0.000000	0.000000	0.000000	0.000000	0.000000	-0.003093	0.000000
"2015-08-16 00:00"	0.000000	0.000000	0.000000	0.000000	0.000000	0.000000	0.000000	0.000000	0.000000	0.000000	-0.003042	0.000000
"2015-08-17 00:00"	0.000000	0.000000	0.000000	0.000000	0.000000	0.000000	0.000000	0.000000	0.000000	0.000000	-0.002928	0.000000
"2015-08-18 00:00"	0.000000	0.000000	0.000000	0.000000	0.000000	0.000000	0.000000	0.000000	0.000000	0.000000	-0.002509	0.000000
"2015-08-19 00:00"	0.000000	0.000000	0.000000	0.000000	0.000000	0.000000	0.000000	0.000000	0.000000	0.000000	-0.002337	0.000000
"2015-08-20 00:00"	0.000000	0.000000	0.000000	0.000000	0.000000	0.000000	0.000000	0.000000	0.000000	0.000000	-0.002428	0.000000
"2015-08-21 00:00"	0.000000	0.000000	0.000000	0.000000	0.000000	0.000000	0.000000	0.000000	0.000000	0.000000	-0.002325	0.000000
"2015-08-22 00:00"	0.000000	0.000000	0.000000	0.000000	0.000000	0.000000	0.000000	0.000000	0.000000	0.000000	-0.002288	0.000000
"2015-08-23 00:00"	0.000000	0.000000	0.000000	0.000000	0.000000	0.000000	0.000000	0.000000	0.000000	0.000000	-0.001655	0.000000
"2015-08-24 00:00"	0.000000	0.000000	0.000000	0.000000	0.000000	0.000000	0.000000	0.000000	0.000000	0.000000	-0.001570	0.000000
"2015-08-25 00:00"	0.000000	0.000000	0.000000	0.000000	0.000000	0.000000	0.000000	0.000000	0.000000	0.000000	-0.001544	0.000000
"2015-08-26 00:00"	0.000000	0.000000	0.000000	0.000000	0.000000	0.000000	0.000000	0.000000	0.000000	0.000000	-0.001238	0.000000
"2015-08-27 00:00"	0.000000	0.000000	0.000000	0.000000	0.000000	0.000000	0.000000	0.000000	0.000000	0.000000	-9.34e-04	0.000000
"2015-08-28 00:00"	0.000000	0.000000	0.000000	0.000000	0.000000	0.000000	0.000000	0.000000	0.000000	0.000000	-8.23e-04	0.000000
"2015-08-29 00:00"	0.000000	0.000000	0.000000	0.000000	0.000000	0.000000	0.000000	0.000000	0.000000	0.000000	-6.25e-04	0.000000
"2015-08-30 00:00"	0.000000	0.000000	0.000000	0.000000	0.000000	0.000000	0.000000	0.000000	0.000000	0.000000	-4.03e-04	0.000000
"2015-08-31 00:00"	0.000000	0.000000	0.000000	0.000000	0.000000	0.000000	0.000000	0.000000	0.000000	0.000000	-9.27e-05	0.000000
"2015-09-01 00:00"	0.000000	0.000000	0.000000	0.000000	0.000000	0.000000	0.000000	-2.22e-06	-1.31e-05	-2.18e-06	-3.38e-04	-3.03e-06
"2015-09-02 00:00"	0.000000	0.000000	0.000000	0.000000	0.000000	0.000000	0.000000	-0.002274	-1.12e-05	-7.76e-07	-0.003670	-2.28e-06
"2015-09-03 00:00"	0.000000	0.000000	0.000000	0.000000	0.000000	0.000000	0.000000	-0.001399	0.000000	0.000000	-9.16e-04	0.000000
"2015-09-04 00:00"	0.000000	0.000000	0.000000	0.000000	0.000000	0.000000	0.000000	0.000000	0.000000	0.000000	-2.84e-04	0.000000
"2015-09-05 00:00"	0.000000	0.000000	0.000000	0.000000	0.000000	0.000000	0.000000	-6.67e-04	-1.62e-06	-1.18e-06	-9.40e-04	-1.14e-06
"2015-09-06 00:00"	0.000000	0.000000	0.000000	0.000000	0.000000	0.000000	0.000000	0.000000	0.000000	0.000000	-1.40e-04	0.000000
"2015-09-07 00:00"	0.000000	0.000000	0.000000	0.000000	0.000000	0.000000	0.000000	-2.00e-06	-1.99e-06	-1.49e-06	-5.59e-04	-1.39e-06
"2015-09-08 00:00"	0.000000	0.000000	0.000000	0.000000	0.000000	0.000000	0.000000	-0.001933	-6.75e-06	-5.06e-06	-0.002651	-4.71e-06
"2015-09-09 00:00"	0.000000	0.000000	0.000000	0.000000	0.000000	0.000000	0.000000	0.000000	0.000000	0.000000	-3.22e-05	0.000000
"2015-09-10 00:00"	0.000000	0.000000	0.000000	0.000000	0.000000	0.000000	0.000000	0.000000	0.000000	0.000000	-1.35e-04	0.000000
"2015-09-11 00:00"	0.000000	0.000000	0.000000	0.000000	0.000000	0.000000	0.000000	0.000000	0.000000	0.000000	-2.02e-04	0.000000
"2015-09-12 00:00"	0.000000	0.000000	0.000000	0.000000	0.000000	0.000000	0.000000	0.000000	0.000000	0.000000	-3.13e-04	0.000000
"2015-09-13 00:00"	0.000000	0.000000	0.000000	0.000000	0.000000	0.000000	0.000000	0.000000	0.000000	0.000000	-7.20e-05	0.000000
"2015-09-14 00:00"	0.000000	0.000000	0.000000	0.000000	0.000000	0.000000	0.000000	0.000000	0.000000	0.000000	-7.88e-05	0.000000
"2015-09-15 00:00"	0.000000	0.000000	0.000000	0.000000	0.000000	0.000000	0.000000	0.000000	0.000000	0.000000	-3.26e-06	0.000000
"2015-09-16 00:00"	0.000000	0.000000	0.000000	0.000000	0.000000	0.000000	0.000000	0.000000	0.000000	0.000000	-4.36e-06	0.000000
"2015-09-17 00:00"	0.000000	0.000000	0.000000	0.000000	0.000000	0.000000	0.000000	-8.02e-06	-8.02e-06	-6.03e-06	-0.001055	-5.28e-06
"2015-09-18 00:00"	0.000000	0.000000	0.000000	0.000000	0.000000	0.000000	0.000000	0.000000	0.000000	0.000000	-1.71e-06	0.000000
"2015-09-19 00:00"	0.000000	0.000000	0.000000	0.000000	0.000000	0.000000	0.000000	-5.51e-06	-5.51e-06	-4.14e-06	-0.002066	-3.85e-06
"2015-09-20 00:00"	0.000000	0.000000	0.000000	0.000000	0.000000	0.000000	0.000000	0.000000	0.000000	0.000000	-3.46e-06	0.000000
"2015-09-21 00:00"	0.000000	0.000000	0.000000	0.000000	0.000000	0.000000	0.000000	0.000000	0.000000	0.000000	-3.29e-06	0.000000
"2015-09-22 00:00"	0.000000	0.000000	0.000000	0.000000	0.000000	0.000000	0.000000	-7.45e-06	-7.43e-06	-5.59e-06	-0.001926	-5.19e-06
"2015-09-23 00:00"	0.000000	0.000000	0.000000	0.000000	0.000000	0.000000	0.000000	0.000000	0.000000	0.000000	-1.34e-06	0.000000
"2015-09-24 00:00"	0.000000	0.000000	0.000000	0.000000	0.000000	0.000000	0.000000	-0.002376	-1.25e-05	-9.40e-06	-0.005405	-8.73e-06
"2015-09-25 00:00"	0.000000	0.000000	0.000000	0.000000	0.000000	0.000000	0.000000	-4.50e-04	0.000000	0.000000	-2.33e-04	0.000000
"2015-09-26 00:00"	0.000000	0.000000	0.000000	0.000000	0.000000	0.000000	0.000000	-0.003573	-4.07e-05	-3.09e-05	-0.002297	-2.90e-05
"2015-09-27 00:00"	0.000000	0.000000	0.000000	0.000000	0.000000	0.000000	0.000000	-0.004359	-3.78e-06	-2.84e-06	-0.001440	-2.64e-06
"2015-09-28 00:00"	0.000000	0.000000	0.000000	0.000000	0.000000	0.000000	0.000000	0.000000	0.000000	0.000000	0.000000	0.000000
"2015-09-29 00:00"	0.000000	0.000000	0.000000	0.000000	0.000000	0.000000	0.000000	-1.85e-04	-2.16e-06	-1.63e-06	-1.63e-06	-1.51e-06
"2015-09-30 00:00"	0.000000	0.000000	0.000000	0.000000	0.000000	0.000000	0.000000	0.000000	0.000000	0.000000	0.000000	0.000000
"2015-10-01 00:00"	0.000000	0.000000	0.000000	0.000000	0.000000	0.000000	0.000000	0.000000	0.000000	0.000000	0.000000	0.000000
"2015-10-02 00:00"	0.000000	0.000000	0.000000	0.000000	0.000000	0.000000	0.000000	-6.01e-07	-5.40e-07	-4.06e-07	-4.18e-07	-3.68e-07
"2015-10-03 00:00"	0.000000	0.000000	0.000000	0.000000	0.000000	0.000000	0.000000	0.000000	0.000000	0.000000	0.000000	0.000000
"2015-10-04 00:00"	0.000000	0.000000	0.000000	0.000000	0.000000	0.000000	0.000000	-6.68e-07	-6.80e-07	-5.12e-07	-5.16e-07	-4.73e-07
"2015-10-05 00:00"	0.000000	0.000000	0.000000	0.000000	0.000000	0.000000	0.000000	-0.001829	-4.36e-06	-3.28e-06	-3.28e-06	-3.05e-06
"2015-10-06 00:00"	0.000000	0.000000	0.000000	0.000000	0.000000	0.000000	0.000000	-0.001276	-1.16e-06	-8.74e-07	-5.28e-07	-8.11e-07
"2015-10-07 00:00"	0.000000	0.000000	0.000000	0.000000	0.000000	0.000000	0.000000	-4.21e-04	-7.37e-07	-5.53e-07	-5.52e-07	-5.15e-07
"2015-10-08 00:00"	0.000000	0.000000	0.000000	0.000000	0.000000	0.000000	0.000000	0.000000	0.000000	0.000000	0.000000	0.000000
"2015-10-09 00:00"	0.000000	0.000000	0.000000	0.000000	0.000000	0.000000	0.000000	0.000000	0.000000	0.000000	0.000000	0.000000
"2015-10-10 00:00"	0.000000	0.000000	0.000000	0.000000	0.000000	0.000000	0.000000	0.000000	0.000000	0.000000	0.000000	0.000000
"2015-10-11 00:00"	0.000000	0.000000	0.000000	0.000000	0.000000	0.000000	0.000000	0.000000	0.000000	0.000000	0.000000	0.000000
"2015-10-12 00:00"	0.000000	0.000000	0.000000	0.000000	0.000000	0.000000	0.000000	0.000000	0.000000	0.000000	0.000000	0.000000
"2015-10-13 00:00"	0.000000	0.000000	0.000000	0.000000	0.000000	0.000000	0.000000	-8.51e-07	-7.92e-07	-5.95e-07	-5.94e-07	-5.54e-07
"2015-10-14 00:00"	0.000000	0.000000	0.000000	0.000000	0.000000	0.000000	0.000000	-0.001560	-2.73e-05	-2.01e-05	-2.10e-05	-1.77e-05
"2015-10-15 00:00"	0.000000	0.000000	0.000000	0.000000	0.000000	0.000000	0.000000	-0.005825	-6.50e-06	-7.12e-06	-2.77e-05	-5.57e-06
"2015-10-16 00:00"	0.000000	0.000000	0.000000	0.000000	0.000000	0.000000	0.000000	-0.005547	-2.90e-05	-1.12e-04	-1.12e-04	-2.63e-05
"2015-10-17 00:00"	0.000000	0.000000	0.000000	0.000000	0.000000	0.000000	0.000000	-0.001071	0.000000	0.000000	-4.71e-04	0.000000
"2015-10-18 00:00"	0.000000	0.000000	0.000000	0.000000	0.000000	0.000000	0.000000	0.000000	0.000000	0.000000	0.000000	0.000000
"2015-10-19 00:00"	0.000000	0.000000	0.000000	0.000000	0.000000	0.000000	0.000000	-2.90e-04	-1.03e-06	-7.72e-07	-7.73e-07	-7.16e-07
"2015-10-20 00:00"	0.000000	0.000000	0.000000	0.000000	0.000000	0.000000	0.000000	0.000000	0.000000	0.000000	0.000000	0.000000
"2015-10-21 00:00"	0.000000	0.000000	0.000000	0.000000	0.000000	0.000000	0.000000	-2.17e-06	-2.20e-06	-1.66e-06	-1.66e-06	-1.54e-06
"2015-10-22 00:00"	0.000000	0.000000	0.000000	0.000000	0.000000	0.000000	0.000000	0.000000	0.000000	0.000000	0.000000	0.000000
"2015-10-23 00:00"	0.000000	0.000000	0.000000	0.000000	0.000000	0.000000	0.000000	0.000000	0.000000	0.000000	0.000000	0.000000
"2015-10-24 00:00"	0.000000	0.000000	0.000000	0.000000	0.000000	0.000000	0.000000	0.000000	0.000000	0.000000	0.000000	0.000000
"2015-10-25 00:00"	0.000000	0.000000	0.000000	0.000000	0.000000	0.000000	0.000000	0.000000	0.000000	0.000000	0.000000	0.000000
"2015-10-26 00:00"	0.000000	0.000000	0.000000	0.000000	0.000000	0.000000	0.000000	0.000000	0.000000	0.000000	0.000000	0.000000
"2015-10-27 00:00"	0.000000	0.000000	0.000000	0.000000	0.000000	0.000000	0.000000	0.000000	0.000000	0.000000	0.000000	0.000000
"2015-10-28 00:00"	0.000000	0.000000	0.000000	0.000000	0.000000	0.000000	0.000000	0.000000	0.000000	0.000000	0.000000	0.000000
"2015-10-29 00:00"	0.000000	0.000000	0.000000	0.000000	0.000000	0.000000	0.000000	0.000000	0.000000	0.000000	0.000000	0.000000
"2015-10-30 00:00"	0.000000	0.000000	0.000000	0.000000	0.000000	0.000000	0.000000	0.000000	0.000000	0.000000	0.000000	0.000000
"2015-10-31 00:00"	0.000000	0.000000	0.000000	0.000000	0.000000	0.000000	0.000000	0.000000	0.000000	0.000000	0.000000	0.000000
"2015-11-01 00:00"	0.000000	0.000000	0.000000	0.000000	0.000000	0.000000	0.000000	0.000000	0.000000	0.000000	0.000000	0.000000
"2015-11-02 00:00"	0.000000	0.000000	0.000000	0.000000	0.000000	0.000000	0.000000	0.000000	0.000000	0.000000	0.000000	0.000000
"2015-11-03 00:00"	0.000000	0.000000	0.000000	0.000000	0.000000	0.000000	0.000000	0.000000	0.000000	0.000000	0.000000	0.000000
"2015-11-04 00:00"	0.000000	0.000000	0.000000	0.000000	0.000000	0.000000	0.000000	0.000000	0.000000	0.000000	0.000000	0.000000
"2015-11-05 00:00"	0.000000	0.000000	0.000000	0.000000	0.000000	0.000000	0.000000	0.000000	0.000000	0.000000	0.000000	0.000000
"2015-11-06 00:00"	0.000000	0.000000	0.000000	0.000000	0.000000	0.000000	0.000000	0.000000	0.000000	0.000000	0.000000	0.000000
"2015-11-07 00:00"	0.000000	0.000000	0.000000	0.000000	0.000000	0.000000	0.000000	-1.06e-05	-1.06e-05	-7.97e-06	-7.98e-06	-7.40e-06
"2015-11-08 00:00"	0.000000	0.000000	0.000000	0.000000	0.000000	0.000000	0.000000	-0.006310	-1.36e-04	-9.89e-05	-1.01e-04	-8.82e-05
"2015-11-09 00:00"	0.000000	0.000000	0.000000	0.000000	0.000000	0.000000	0.000000	-2.53e-04	0.000000	0.000000	0.000000	0.000000
"2015-11-10 00:00"	0.000000	0.000000	0.000000	0.000000	0.000000	0.000000	0.000000	-4.63e-05	0.000000	0.000000	0.000000	0.000000
"2015-11-11 00:00"	0.000000	0.000000	0.000000	0.000000	0.000000	0.000000	0.000000	-0.001943	-1.13e-06	-8.49e-07	-8.49e-07	-7.89e-07
"2015-11-12 00:00"	0.000000	0.000000	0.000000	0.000000	0.000000	0.000000	0.000000	-9.61e-05	0.000000	0.000000	0.000000	0.000000
"2015-11-13 00:00"	0.000000	0.000000	0.000000	0.000000	0.000000	0.000000	0.000000	-8.65e-04	-6.60e-07	-4.97e-07	-4.97e-07	-4.62e-07
"2015-11-14 00:00"	0.000000	0.000000	0.000000	0.000000	0.000000	0.000000	0.000000	-2.58e-04	0.000000	0.000000	0.000000	0.000000
"2015-11-15 00:00"	0.000000	0.000000	0.000000	0.000000	0.000000	0.000000	0.000000	0.000000	0.000000	0.000000	0.000000	0.000000
"2015-11-16 00:00"	0.000000	0.000000	0.000000	0.000000	0.000000	0.000000	0.000000	-1.69e-04	-1.25e-06	-9.41e-07	-5.96e-07	-8.74e-07
"2015-11-17 00:00"	0.000000	0.000000	0.000000	0.000000	0.000000	0.000000	0.000000	0.000000	0.000000	0.000000	0.000000	0.000000
"2015-11-18 00:00"	0.000000	0.000000	0.000000	0.000000	0.000000	0.000000	0.000000	-0.002170	-1.00e-05	-7.54e-06	-7.54e-06	-7.00e-06
"2015-11-19 00:00"	0.000000	0.000000	0.000000	0.000000	0.000000	0.000000	0.000000	0.000000	0.000000	0.000000	0.000000	0.000000
"2015-11-20 00:00"	0.000000	0.000000	0.000000	0.000000	0.000000	0.000000	0.000000	0.000000	0.000000	0.000000	0.000000	0.000000
"2015-11-21 00:00"	0.000000	0.000000	0.000000	0.000000	0.000000	0.000000	0.000000	0.000000	0.000000	0.000000	0.000000	0.000000
"2015-11-22 00:00"	0.000000	0.000000	0.000000	0.000000	0.000000	0.000000	0.000000	0.000000	0.000000	0.000000	0.000000	0.000000
"2015-11-23 00:00"	0.000000	0.000000	0.000000	0.000000	0.000000	0.000000	0.000000	0.000000	0.000000	0.000000	0.000000	0.000000
"2015-11-24 00:00"	0.000000	0.000000	0.000000	0.000000	0.000000	0.000000	0.000000	0.000000	0.000000	0.000000	0.000000	0.000000
"2015-11-25 00:00"	0.000000	0.000000	0.000000	0.000000	0.000000	0.000000	0.000000	0.000000	0.000000	0.000000	0.000000	0.000000
"2015-11-26 00:00"	0.000000	0.000000	0.000000	0.000000	0.000000	0.000000	0.000000	0.000000	0.000000	0.000000	0.000000	0.000000
"2015-11-27 00:00"	0.000000	0.000000	0.000000	0.000000	0.000000	0.000000	0.000000	0.000000	0.000000	0.000000	0.000000	0.000000
"2015-11-28 00:00"	0.000000	0.000000	0.000000	0.000000	0.000000	0.000000	0.000000	0.000000	0.000000	0.000000	0.000000	0.000000
"2015-11-29 00:00"	0.000000	0.000000	0.000000	0.000000	0.000000	0.000000	0.000000	-2.16e-05	-2.17e-05	-1.63e-05	-1.63e-05	-1.51e-05
"2015-11-30 00:00"	0.000000	0.000000	0.000000	0.000000	0.000000	0.000000	0.000000	0.000000	0.000000	0.000000	0.000000	0.000000
"2015-12-01 00:00"	0.000000	0.000000	0.000000	0.000000	0.000000	0.000000	0.000000	0.000000	0.000000	0.000000	0.000000	0.000000
"2015-12-02 00:00"	0.000000	0.000000	0.000000	0.000000	0.000000	0.000000	0.000000	-2.39e-04	-5.31e-05	-4.00e-05	-4.00e-05	-3.71e-05
"2015-12-03 00:00"	0.000000	0.000000	0.000000	0.000000	0.000000	0.000000	0.000000	-0.003735	0.000000	0.000000	0.000000	0.000000
"2015-12-04 00:00"	0.000000	0.000000	0.000000	0.000000	0.000000	0.000000	0.000000	-2.00e-05	0.000000	0.000000	0.000000	0.000000
"2015-12-05 00:00"	0.000000	0.000000	0.000000	0.000000	0.000000	0.000000	0.000000	0.000000	0.000000	0.000000	0.000000	0.000000
"2015-12-06 00:00"	0.000000	0.000000	0.000000	0.000000	0.000000	0.000000	0.000000	0.000000	0.000000	0.000000	0.000000	0.000000
"2015-12-07 00:00"	0.000000	0.000000	0.000000	0.000000	0.000000	0.000000	0.000000	0.000000	0.000000	0.000000	0.000000	0.000000
"2015-12-08 00:00"	0.000000	0.000000	0.000000	0.000000	0.000000	0.000000	0.000000	0.000000	0.000000	0.000000	0.000000	0.000000
"2015-12-09 00:00"	0.000000	0.000000	0.000000	0.000000	0.000000	0.000000	0.000000	-7.63e-07	-8.25e-07	-6.24e-07	-6.24e-07	-5.74e-07
"2015-12-10 00:00"	0.000000	0.000000	0.000000	0.000000	0.000000	0.000000	0.000000	-7.01e-07	-6.18e-07	-4.62e-07	-4.62e-07	-4.32e-07
"2015-12-11 00:00"	0.000000	0.000000	0.000000	0.000000	0.000000	0.000000	0.000000	-4.23e-06	-4.20e-06	-3.15e-06	-3.15e-06	-2.93e-06
"2015-12-12 00:00"	0.000000	0.000000	0.000000	0.000000	0.000000	0.000000	0.000000	0.000000	0.000000	0.000000	0.000000	0.000000
"2015-12-13 00:00"	0.000000	0.000000	0.000000	0.000000	0.000000	0.000000	0.000000	0.000000	0.000000	0.000000	0.000000	0.000000
"2015-12-14 00:00"	0.000000	0.000000	0.000000	0.000000	0.000000	0.000000	0.000000	0.000000	0.000000	0.000000	0.000000	0.000000
"2015-12-15 00:00"	0.000000	0.000000	0.000000	0.000000	0.000000	0.000000	0.000000	-6.27e-06	-6.27e-06	-4.72e-06	-4.72e-06	-4.38e-06
"2015-12-16 00:00"	0.000000	0.000000	0.000000	0.000000	0.000000	0.000000	0.000000	-0.002680	-2.91e-05	-2.64e-05	-2.54e-05	-2.84e-05
"2015-12-17 00:00"	0.000000	0.000000	0.000000	0.000000	0.000000	0.000000	0.000000	-1.65e-04	-7.31e-07	-5.52e-07	-5.52e-07	-5.10e-07
"2015-12-18 00:00"	0.000000	0.000000	0.000000	0.000000	0.000000	0.000000	0.000000	0.000000	0.000000	0.000000	0.000000	0.000000
"2015-12-19 00:00"	0.000000	0.000000	0.000000	0.000000	0.000000	0.000000	0.000000	-6.49e-07	-7.06e-07	-5.32e-07	-5.32e-07	-4.93e-07
"2015-12-20 00:00"	0.000000	0.000000	0.000000	0.000000	0.000000	0.000000	0.000000	-1.10e-06	-1.17e-06	-8.87e-07	-8.86e-07	-8.13e-07
"2015-12-21 00:00"	0.000000	0.000000	0.000000	0.000000	0.000000	0.000000	0.000000	-5.78e-07	0.000000	0.000000	0.000000	0.000000
"2015-12-22 00:00"	0.000000	0.000000	0.000000	0.000000	0.000000	0.000000	0.000000	0.000000	0.000000	0.000000	0.000000	0.000000
"2015-12-23 00:00"	0.000000	0.000000	0.000000	0.000000	0.000000	0.000000	0.000000	0.000000	0.000000	0.000000	0.000000	0.000000
"2015-12-24 00:00"	0.000000	0.000000	0.000000	0.000000	0.000000	0.000000	0.000000	-3.88e-06	-3.91e-06	-2.94e-06	-2.94e-06	-2.73e-06
"2015-12-25 00:00"	0.000000	0.000000	0.000000	0.000000	0.000000	0.000000	0.000000	-2.67e-06	-2.65e-06	-1.99e-06	-1.99e-06	-1.86e-06
"2015-12-26 00:00"	0.000000	0.000000	0.000000	0.000000	0.000000	0.000000	0.000000	0.000000	0.000000	0.000000	0.000000	0.000000
"2015-12-27 00:00"	0.000000	0.000000	0.000000	0.000000	0.000000	0.000000	0.000000	-1.60e-06	-1.62e-06	-1.22e-06	-1.22e-06	-1.13e-06
"2015-12-28 00:00"	0.000000	0.000000	0.000000	0.000000	0.000000	0.000000	0.000000	-2.14e-06	-2.14e-06	-1.61e-06	-1.61e-06	-1.50e-06
"2015-12-29 00:00"	0.000000	0.000000	0.000000	0.000000	0.000000	0.000000	0.000000	-9.26e-04	0.000000	0.000000	0.000000	0.000000
"2015-12-30 00:00"	0.000000	0.000000	0.000000	0.000000	0.000000	0.000000	0.000000	-2.53e-06	-2.53e-06	-1.91e-06	-1.91e-06	-1.77e-06
"2015-12-31 00:00"	0.000000	0.000000	0.000000	0.000000	0.000000	0.000000	0.000000	-1.11e-05	-1.11e-05	-8.38e-06	-8.38e-06	-7.79e-06
"2016-01-01 00:00"	0.000000	0.000000	0.000000	0.000000	0.000000	0.000000	0.000000	-0.003641	-9.32e-06	-7.01e-06	-7.01e-06	-6.51e-06
"2016-01-02 00:00"	0.000000	0.000000	0.000000	0.000000	0.000000	0.000000	0.000000	0.000000	0.000000	0.000000	0.000000	0.000000
"2016-01-03 00:00"	0.000000	0.000000	0.000000	0.000000	0.000000	0.000000	0.000000	0.000000	0.000000	0.000000	0.000000	0.000000
"2016-01-04 00:00"	0.000000	0.000000	0.000000	0.000000	0.000000	0.000000	0.000000	0.000000	0.000000	0.000000	0.000000	0.000000
"2016-01-05 00:00"	0.000000	0.000000	0.000000	0.000000	0.000000	0.000000	0.000000	0.000000	0.000000	0.000000	0.000000	0.000000
"2016-01-06 00:00"	0.000000	0.000000	0.000000	0.000000	0.000000	0.000000	0.000000	0.000000	0.000000	0.000000	0.000000	0.000000
"2016-01-07 00:00"	0.000000	0.000000	0.000000	0.000000	0.000000	0.000000	0.000000	-2.33e-06	-2.32e-06	-1.75e-06	-1.74e-06	-1.63e-06
"2016-01-08 00:00"	0.000000	0.000000	0.000000	0.000000	0.000000	0.000000	0.000000	-1.09e-05	-1.11e-05	-8.42e-06	-8.41e-06	-7.84e-06
"2016-01-09 00:00"	0.000000	0.000000	0.000000	0.000000	0.000000	0.000000	0.000000	0.000000	0.000000	0.000000	0.000000	0.000000
"2016-01-10 00:00"	0.000000	0.000000	0.000000	0.000000	0.000000	0.000000	0.000000	0.000000	0.000000	0.000000	0.000000	0.000000
"2016-01-11 00:00"	0.000000	0.000000	0.000000	0.000000	0.000000	0.000000	0.000000	0.000000	0.000000	0.000000	0.000000	0.000000
"2016-01-12 00:00"	0.000000	0.000000	0.000000	0.000000	0.000000	0.000000	0.000000	0.000000	0.000000	0.000000	0.000000	0.000000
"2016-01-13 00:00"	0.000000	0.000000	0.000000	0.000000	0.000000	0.000000	0.000000	0.000000	0.000000	0.000000	0.000000	0.000000
"2016-01-14 00:00"	0.000000	0.000000	0.000000	0.000000	0.000000	0.000000	0.000000	-6.99e-07	-6.93e-07	-5.21e-07	-5.22e-07	-4.84e-07
"2016-01-15 00:00"	0.000000	0.000000	0.000000	0.000000	0.000000	0.000000	0.000000	-7.11e-06	-7.02e-06	-5.43e-06	-5.41e-06	-5.09e-06
"2016-01-16 00:00"	0.000000	0.000000	0.000000	0.000000	0.000000	0.000000	0.000000	0.000000	0.000000	0.000000	0.000000	0.000000
"2016-01-17 00:00"	0.000000	0.000000	0.000000	0.000000	0.000000	0.000000	0.000000	0.000000	0.000000	0.000000	0.000000	0.000000
"2016-01-18 00:00"	0.000000	0.000000	0.000000	0.000000	0.000000	0.000000	0.000000	-4.32e-06	-4.32e-06	-3.25e-06	-3.25e-06	-3.02e-06
"2016-01-19 00:00"	0.000000	0.000000	0.000000	0.000000	0.000000	0.000000	0.000000	0.000000	0.000000	0.000000	0.000000	0.000000
"2016-01-20 00:00"	0.000000	0.000000	0.000000	0.000000	0.000000	0.000000	0.000000	0.000000	0.000000	0.000000	0.000000	0.000000
"2016-01-21 00:00"	0.000000	0.000000	0.000000	0.000000	0.000000	0.000000	0.000000	-7.41e-06	-7.43e-06	-5.59e-06	-5.59e-06	-5.19e-06
"2016-01-22 00:00"	0.000000	0.000000	0.000000	0.000000	0.000000	0.000000	0.000000	-2.74e-04	-2.59e-05	-1.95e-05	-1.94e-05	-1.84e-05
"2016-01-23 00:00"	0.000000	0.000000	0.000000	0.000000	0.000000	0.000000	0.000000	-0.005210	-8.60e-06	-6.47e-06	-5.74e-06	-5.98e-06
"2016-01-24 00:00"	0.000000	0.000000	0.000000	0.000000	0.000000	0.000000	0.000000	-4.62e-04	0.000000	0.000000	0.000000	0.000000
"2016-01-25 00:00"	0.000000	0.000000	0.000000	0.000000	0.000000	0.000000	0.000000	0.000000	0.000000	0.000000	0.000000	0.000000
"2016-01-26 00:00"	0.000000	0.000000	0.000000	0.000000	0.000000	0.000000	0.000000	-0.008591	-1.28e-05	-1.06e-05	-1.20e-05	-1.93e-05
"2016-01-27 00:00"	0.000000	0.000000	0.000000	0.000000	0.000000	0.000000	0.000000	-9.15e-04	0.000000	0.000000	0.000000	0.000000
"2016-01-28 00:00"	0.000000	0.000000	0.000000	0.000000	0.000000	0.000000	0.000000	0.000000	0.000000	0.000000	0.000000	0.000000
"2016-01-29 00:00"	0.000000	0.000000	0.000000	0.000000	0.000000	0.000000	0.000000	0.000000	0.000000	0.000000	0.000000	0.000000
"2016-01-30 00:00"	0.000000	0.000000	0.000000	0.000000	0.000000	0.000000	0.000000	-2.09e-05	-2.17e-05	-1.59e-05	-1.59e-05	-1.47e-05
"2016-01-31 00:00"	0.000000	0.000000	0.000000	0.000000	0.000000	0.000000	0.000000	-1.13e-04	-6.10e-07	-4.59e-07	-4.59e-07	-4.26e-07
"2016-02-01 00:00"	0.000000	0.000000	0.000000	0.000000	0.000000	0.000000	0.000000	0.000000	0.000000	0.000000	0.000000	0.000000
"2016-02-02 00:00"	0.000000	0.000000	0.000000	0.000000	0.000000	0.000000	0.000000	0.000000	0.000000	0.000000	0.000000	0.000000
"2016-02-03 00:00"	0.000000	0.000000	0.000000	0.000000	0.000000	0.000000	0.000000	0.000000	0.000000	0.000000	0.000000	0.000000
"2016-02-04 00:00"	0.000000	0.000000	0.000000	0.000000	0.000000	0.000000	0.000000	-8.98e-07	-7.96e-07	-5.99e-07	-5.89e-07	-5.63e-07
"2016-02-05 00:00"	0.000000	0.000000	0.000000	0.000000	0.000000	0.000000	0.000000	0.000000	0.000000	0.000000	0.000000	0.000000
"2016-02-06 00:00"	0.000000	0.000000	0.000000	0.000000	0.000000	0.000000	0.000000	0.000000	0.000000	0.000000	0.000000	0.000000
"2016-02-07 00:00"	0.000000	0.000000	0.000000	0.000000	0.000000	0.000000	0.000000	0.000000	0.000000	0.000000	0.000000	0.000000
"2016-02-08 00:00"	0.000000	0.000000	0.000000	0.000000	0.000000	0.000000	0.000000	-6.31e-07	-5.60e-07	-4.21e-07	-4.14e-07	-3.96e-07
"2016-02-09 00:00"	0.000000	0.000000	0.000000	0.000000	0.000000	0.000000	0.000000	-8.01e-07	-7.15e-07	-5.37e-07	-5.37e-07	-4.99e-07
"2016-02-10 00:00"	0.000000	0.000000	0.000000	0.000000	0.000000	0.000000	0.000000	-7.67e-04	-2.73e-05	-2.05e-05	-2.05e-05	-1.90e-05
"2016-02-11 00:00"	0.000000	0.000000	0.000000	0.000000	0.000000	0.000000	0.000000	-0.003623	0.000000	0.000000	0.000000	0.000000
"2016-02-12 00:00"	0.000000	0.000000	0.000000	0.000000	0.000000	0.000000	0.000000	-0.006570	-1.29e-05	-9.72e-06	-9.72e-06	-9.03e-06
"2016-02-13 00:00"	0.000000	0.000000	0.000000	0.000000	0.000000	0.000000	0.000000	-0.003467	0.000000	0.000000	0.000000	0.000000
"2016-02-14 00:00"	0.000000	0.000000	0.000000	0.000000	0.000000	0.000000	0.000000	0.000000	0.000000	0.000000	0.000000	0.000000
"2016-02-15 00:00"	0.000000	0.000000	0.000000	0.000000	0.000000	0.000000	0.000000	0.000000	0.000000	0.000000	0.000000	0.000000
"2016-02-16 00:00"	0.000000	0.000000	0.000000	0.000000	0.000000	0.000000	0.000000	-6.04e-05	-6.86e-07	-5.15e-07	-5.11e-07	-4.81e-07
"2016-02-17 00:00"	0.000000	0.000000	0.000000	0.000000	0.000000	0.000000	0.000000	-7.04e-07	-7.76e-07	-5.84e-07	-5.85e-07	-5.42e-07
"2016-02-18 00:00"	0.000000	0.000000	0.000000	0.000000	0.000000	0.000000	0.000000	-1.28e-06	-1.05e-06	-7.89e-07	-7.90e-07	-7.33e-07
"2016-02-19 00:00"	0.000000	0.000000	0.000000	0.000000	0.000000	0.000000	0.000000	-8.63e-04	-1.05e-06	-7.86e-07	-7.82e-07	-7.33e-07
"2016-02-20 00:00"	0.000000	0.000000	0.000000	0.000000	0.000000	0.000000	0.000000	0.000000	0.000000	0.000000	0.000000	0.000000
"2016-02-21 00:00"	0.000000	0.000000	0.000000	0.000000	0.000000	0.000000	0.000000	0.000000	0.000000	0.000000	0.000000	0.000000
"2016-02-22 00:00"	0.000000	0.000000	0.000000	0.000000	0.000000	0.000000	0.000000	0.000000	0.000000	0.000000	0.000000	0.000000
"2016-02-23 00:00"	0.000000	0.000000	0.000000	0.000000	0.000000	0.000000	0.000000	-5.39e-07	-5.57e-07	-4.19e-07	-4.20e-07	-3.89e-07
"2016-02-24 00:00"	0.000000	0.000000	0.000000	0.000000	0.000000	0.000000	0.000000	0.000000	0.000000	0.000000	0.000000	0.000000
"2016-02-25 00:00"	0.000000	0.000000	0.000000	0.000000	0.000000	0.000000	0.000000	-1.15e-06	-7.91e-07	-5.95e-07	-6.00e-07	-5.50e-07
"2016-02-26 00:00"	0.000000	0.000000	0.000000	0.000000	0.000000	0.000000	0.000000	-2.06e-06	-2.05e-06	-1.54e-06	-1.54e-06	-1.43e-06
"2016-02-27 00:00"	0.000000	0.000000	0.000000	0.000000	0.000000	0.000000	0.000000	0.000000	0.000000	0.000000	0.000000	0.000000
"2016-02-28 00:00"	0.000000	0.000000	0.000000	0.000000	0.000000	0.000000	0.000000	0.000000	0.000000	0.000000	0.000000	0.000000
"2016-02-29 00:00"	0.000000	0.000000	0.000000	0.000000	0.000000	0.000000	0.000000	0.000000	0.000000	0.000000	0.000000	0.000000
"2016-03-01 00:00"	0.000000	0.000000	0.000000	0.000000	0.000000	0.000000	0.000000	-1.41e-06	-1.41e-06	-1.06e-06	-1.06e-06	-9.84e-07
"2016-03-02 00:00"	0.000000	0.000000	0.000000	0.000000	0.000000	0.000000	0.000000	0.000000	0.000000	0.000000	0.000000	0.000000
"2016-03-03 00:00"	0.000000	0.000000	0.000000	0.000000	0.000000	0.000000	0.000000	0.000000	0.000000	0.000000	0.000000	0.000000
"2016-03-04 00:00"	0.000000	0.000000	0.000000	0.000000	0.000000	0.000000	0.000000	-3.32e-04	-1.65e-06	-1.24e-06	-1.24e-06	-1.16e-06
"2016-03-05 00:00"	0.000000	0.000000	0.000000	0.000000	0.000000	0.000000	0.000000	-0.001403	-1.63e-06	-1.23e-06	-1.23e-06	-1.14e-06
"2016-03-06 00:00"	0.000000	0.000000	0.000000	0.000000	0.000000	0.000000	0.000000	-0.008806	-1.47e-05	-1.11e-05	-1.11e-05	-1.03e-05
"2016-03-07 00:00"	0.000000	0.000000	0.000000	0.000000	0.000000	0.000000	0.000000	0.000000	0.000000	0.000000	0.000000	0.000000
"2016-03-08 00:00"	0.000000	0.000000	0.000000	0.000000	0.000000	0.000000	0.000000	-7.82e-04	-3.73e-06	-2.81e-06	-2.81e-06	-2.61e-06
"2016-03-09 00:00"	0.000000	0.000000	0.000000	0.000000	0.000000	0.000000	0.000000	0.000000	0.000000	0.000000	0.000000	0.000000
"2016-03-10 00:00"	0.000000	0.000000	0.000000	0.000000	0.000000	0.000000	0.000000	-3.43e-06	-3.41e-06	-2.57e-06	-2.57e-06	-2.38e-06
"2016-03-11 00:00"	0.000000	0.000000	0.000000	0.000000	0.000000	0.000000	0.000000	-0.010673	-7.22e-05	-8.27e-05	-0.003395	-7.69e-05
"2016-03-12 00:00"	0.000000	0.000000	0.000000	0.000000	0.000000	0.000000	0.000000	0.000000	0.000000	0.000000	0.000000	0.000000
"2016-03-13 00:00"	0.000000	0.000000	0.000000	0.000000	0.000000	0.000000	0.000000	0.000000	0.000000	0.000000	0.000000	0.000000
"2016-03-14 00:00"	0.000000	0.000000	0.000000	0.000000	0.000000	0.000000	0.000000	-2.50e-06	-2.48e-06	-1.86e-06	-1.86e-06	-1.73e-06
"2016-03-15 00:00"	0.000000	0.000000	0.000000	0.000000	0.000000	0.000000	0.000000	0.000000	0.000000	0.000000	0.000000	0.000000
"2016-03-16 00:00"	0.000000	0.000000	0.000000	0.000000	0.000000	0.000000	0.000000	0.000000	0.000000	0.000000	0.000000	0.000000
"2016-03-17 00:00"	0.000000	0.000000	0.000000	0.000000	0.000000	0.000000	0.000000	0.000000	0.000000	0.000000	0.000000	0.000000
"2016-03-18 00:00"	0.000000	0.000000	0.000000	0.000000	0.000000	0.000000	0.000000	-0.002535	-2.19e-05	-1.61e-05	-1.65e-05	-1.49e-05
"2016-03-19 00:00"	0.000000	0.000000	0.000000	0.000000	0.000000	0.000000	0.000000	-2.19e-04	0.000000	0.000000	0.000000	0.000000
"2016-03-20 00:00"	0.000000	0.000000	0.000000	0.000000	0.000000	0.000000	0.000000	-0.004030	-9.83e-06	-7.39e-06	-9.83e-04	-6.87e-06
"2016-03-21 00:00"	0.000000	0.000000	0.000000	0.000000	0.000000	0.000000	0.000000	-0.004759	-1.40e-06	-0.003145	-0.002512	-9.76e-07
"2016-03-22 00:00"	0.000000	0.000000	0.000000	0.000000	0.000000	0.000000	0.000000	-0.001285	-6.52e-07	-9.00e-04	-5.63e-04	-4.56e-07
"2016-03-23 00:00"	0.000000	0.000000	0.000000	0.000000	0.000000	0.000000	0.000000	-2.40e-04	0.000000	-2.54e-04	-1.41e-04	0.000000
"2016-03-24 00:00"	0.000000	0.000000	0.000000	0.000000	0.000000	0.000000	0.000000	-5.32e-04	0.000000	-5.67e-04	-7.79e-05	0.000000
"2016-03-25 00:00"	0.000000	0.000000	0.000000	0.000000	0.000000	0.000000	0.000000	-4.78e-04	0.000000	-4.19e-04	-2.24e-04	0.000000
"2016-03-26 00:00"	0.000000	0.000000	0.000000	0.000000	0.000000	0.000000	0.000000	0.000000	0.000000	0.000000	0.000000	0.000000
"2016-03-27 00:00"	0.000000	0.000000	0.000000	0.000000	0.000000	0.000000	0.000000	0.000000	0.000000	0.000000	0.000000	0.000000
"2016-03-28 00:00"	0.000000	0.000000	0.000000	0.000000	0.000000	0.000000	0.000000	-0.002608	-1.56e-06	-8.30e-04	-0.001458	-1.09e-06
"2016-03-29 00:00"	0.000000	0.000000	0.000000	0.000000	0.000000	0.000000	0.000000	-0.002980	-4.33e-06	-0.001462	-0.001900	-3.02e-06
"2016-03-30 00:00"	0.000000	0.000000	0.000000	0.000000	0.000000	0.000000	0.000000	0.000000	0.000000	0.000000	-9.40e-07	0.000000
"2016-03-31 00:00"	0.000000	0.000000	0.000000	0.000000	0.000000	0.000000	0.000000	0.000000	0.000000	0.000000	0.000000	0.000000
"2016-04-01 00:00"	0.000000	0.000000	0.000000	0.000000	0.000000	0.000000	0.000000	0.000000	0.000000	0.000000	0.000000	0.000000
"2016-04-02 00:00"	0.000000	0.000000	0.000000	0.000000	0.000000	0.000000	0.000000	-1.33e-06	-1.33e-06	-1.00e-06	-1.00e-06	-9.29e-07
"2016-04-03 00:00"	0.000000	0.000000	0.000000	0.000000	0.000000	0.000000	0.000000	-3.94e-04	-2.22e-05	-1.85e-05	-0.001003	-1.81e-05
"2016-04-04 00:00"	0.000000	0.000000	0.000000	0.000000	0.000000	0.000000	0.000000	-0.012022	-6.01e-05	-0.003048	-0.007703	-5.00e-05
"2016-04-05 00:00"	0.000000	0.000000	0.000000	0.000000	0.000000	0.000000	0.000000	-0.002619	-9.15e-07	-6.42e-04	-0.001698	-6.40e-07
"2016-04-06 00:00"	0.000000	0.000000	0.000000	0.000000	0.000000	0.000000	0.000000	-0.010037	0.000000	-0.006655	-0.006363	0.000000
"2016-04-07 00:00"	0.000000	0.000000	0.000000	0.000000	0.000000	0.000000	0.000000	-1.93e-04	0.000000	0.000000	-1.25e-04	0.000000
"2016-04-08 00:00"	0.000000	0.000000	0.000000	0.000000	0.000000	0.000000	0.000000	-7.55e-04	0.000000	0.000000	-9.59e-04	0.000000
"2016-04-09 00:00"	0.000000	0.000000	0.000000	0.000000	0.000000	0.000000	0.000000	0.000000	0.000000	0.000000	-1.46e-04	0.000000
"2016-04-10 00:00"	0.000000	0.000000	0.000000	0.000000	0.000000	0.000000	0.000000	0.000000	0.000000	0.000000	-2.55e-04	0.000000
"2016-04-11 00:00"	0.000000	0.000000	0.000000	0.000000	0.000000	0.000000	0.000000	-6.67e-05	-5.00e-07	-3.76e-07	-7.79e-04	-3.50e-07
"2016-04-12 00:00"	0.000000	0.000000	0.000000	0.000000	0.000000	0.000000	0.000000	-0.004126	-1.68e-06	-3.09e-04	-0.002689	-1.17e-06
"2016-04-13 00:00"	0.000000	0.000000	0.000000	0.000000	0.000000	0.000000	0.000000	-0.004672	-1.49e-06	-0.003211	-0.002903	-1.04e-06
"2016-04-14 00:00"	0.000000	0.000000	0.000000	0.000000	0.000000	0.000000	0.000000	-5.75e-04	0.000000	-3.52e-04	-3.64e-04	0.000000
"2016-04-15 00:00"	0.000000	0.000000	0.000000	0.000000	0.000000	0.000000	0.000000	-0.002682	-4.54e-06	-0.001369	-0.001680	-3.17e-06
"2016-04-16 00:00"	0.000000	0.000000	0.000000	0.000000	0.000000	0.000000	0.000000	-6.29e-04	-5.18e-07	-3.96e-04	-3.82e-04	-3.61e-07
"2016-04-17 00:00"	0.000000	0.000000	0.000000	0.000000	0.000000	0.000000	0.000000	-2.42e-04	-1.30e-06	-9.77e-07	-4.24e-04	-9.10e-07
"2016-04-18 00:00"	0.000000	0.000000	0.000000	0.000000	0.000000	0.000000	0.000000	-0.002034	0.000000	0.000000	-0.001592	0.000000
"2016-04-19 00:00"	0.000000	0.000000	0.000000	0.000000	0.000000	0.000000	0.000000	-0.003517	-3.56e-06	-0.002291	-0.002203	-2.49e-06
"2016-04-20 00:00"	0.000000	0.000000	0.000000	0.000000	0.000000	0.000000	0.000000	-0.002210	-8.38e-07	-0.001034	-0.001513	-5.85e-07
"2016-04-21 00:00"	0.000000	0.000000	0.000000	0.000000	0.000000	0.000000	0.000000	0.000000	0.000000	0.000000	-8.16e-07	0.000000
"2016-04-22 00:00"	0.000000	0.000000	0.000000	0.000000	0.000000	0.000000	0.000000	0.000000	0.000000	0.000000	-1.56e-04	0.000000
"2016-04-23 00:00"	0.000000	0.000000	0.000000	0.000000	0.000000	0.000000	0.000000	-1.40e-06	-1.51e-06	-1.14e-06	-0.001480	-1.05e-06
"2016-04-24 00:00"	0.000000	0.000000	0.000000	0.000000	0.000000	0.000000	0.000000	-0.008889	-8.78e-05	-0.004447	-0.006151	-7.20e-05
"2016-04-25 00:00"	0.000000	0.000000	0.000000	0.000000	0.000000	0.000000	0.000000	-2.19e-05	0.000000	0.000000	-8.87e-05	0.000000
"2016-04-26 00:00"	0.000000	0.000000	0.000000	0.000000	0.000000	0.000000	0.000000	-1.14e-06	0.000000	0.000000	-1.10e-04	0.000000
"2016-04-27 00:00"	0.000000	0.000000	0.000000	0.000000	0.000000	0.000000	0.000000	0.000000	0.000000	0.000000	-6.33e-06	0.000000
"2016-04-28 00:00"	0.000000	0.000000	0.000000	0.000000	0.000000	0.000000	0.000000	0.000000	0.000000	0.000000	-1.54e-04	0.000000
"2016-04-29 00:00"	0.000000	0.000000	0.000000	0.000000	0.000000	0.000000	0.000000	-0.004741	-5.39e-06	-0.001103	-0.006677	-3.78e-06
"2016-04-30 00:00"	0.000000	0.000000	0.000000	0.000000	0.000000	0.000000	0.000000	-2.08e-04	0.000000	-2.12e-06	-0.003758	0.000000
"2016-05-01 00:00"	0.000000	0.000000	0.000000	0.000000	0.000000	0.000000	0.000000	-5.14e-05	0.000000	0.000000	-0.003777	0.000000
"2016-05-02 00:00"	0.000000	0.000000	0.000000	0.000000	0.000000	0.000000	0.000000	-1.39e-06	0.000000	0.000000	-0.003670	0.000000
"2016-05-03 00:00"	0.000000	0.000000	0.000000	0.000000	0.000000	0.000000	0.000000	-0.003021	-3.75e-06	-2.82e-06	-0.005320	-2.62e-06
"2016-05-04 00:00"	0.000000	0.000000	0.000000	0.000000	0.000000	0.000000	0.000000	-0.002216	0.000000	-4.47e-04	-0.003733	0.000000
"2016-05-05 00:00"	0.000000	0.000000	0.000000	0.000000	0.000000	0.000000	0.000000	0.000000	0.000000	0.000000	-0.003908	0.000000
"2016-05-06 00:00"	0.000000	0.000000	0.000000	0.000000	0.000000	0.000000	0.000000	0.000000	0.000000	0.000000	-0.003693	0.000000
"2016-05-07 00:00"	0.000000	0.000000	0.000000	0.000000	0.000000	0.000000	0.000000	0.000000	0.000000	0.000000	-0.002894	0.000000
"2016-05-08 00:00"	0.000000	0.000000	0.000000	0.000000	0.000000	0.000000	0.000000	-4.60e-07	0.000000	0.000000	-0.003640	0.000000
"2016-05-09 00:00"	0.000000	0.000000	0.000000	0.000000	0.000000	0.000000	0.000000	0.000000	0.000000	0.000000	-0.003607	0.000000
"2016-05-10 00:00"	0.000000	0.000000	0.000000	0.000000	0.000000	0.000000	0.000000	0.000000	0.000000	0.000000	-0.003494	0.000000
"2016-05-11 00:00"	0.000000	0.000000	0.000000	0.000000	0.000000	0.000000	0.000000	-1.75e-06	-1.76e-06	-1.32e-06	-0.003724	-1.23e-06
"2016-05-12 00:00"	0.000000	0.000000	0.000000	0.000000	0.000000	0.000000	0.000000	0.000000	0.000000	0.000000	-0.002627	0.000000
"2016-05-13 00:00"	0.000000	0.000000	0.000000	0.000000	0.000000	0.000000	0.000000	0.000000	0.000000	0.000000	-0.003117	0.000000
"2016-05-14 00:00"	0.000000	0.000000	0.000000	0.000000	0.000000	0.000000	0.000000	0.000000	0.000000	0.000000	-0.002711	0.000000
"2016-05-15 00:00"	0.000000	0.000000	0.000000	0.000000	0.000000	0.000000	0.000000	0.000000	0.000000	0.000000	-0.003077	0.000000
"2016-05-16 00:00"	0.000000	0.000000	0.000000	0.000000	0.000000	0.000000	0.000000	0.000000	0.000000	0.000000	-0.002780	0.000000
"2016-05-17 00:00"	0.000000	0.000000	0.000000	0.000000	0.000000	0.000000	0.000000	-6.62e-04	0.000000	0.000000	-0.002768	0.000000
"2016-05-18 00:00"	0.000000	0.000000	0.000000	0.000000	0.000000	0.000000	0.000000	-5.86e-04	-5.09e-07	-3.85e-07	-0.003099	-3.55e-07
"2016-05-19 00:00"	0.000000	0.000000	0.000000	0.000000	0.000000	0.000000	0.000000	-6.37e-05	0.000000	0.000000	-0.001934	0.000000
"2016-05-20 00:00"	0.000000	0.000000	0.000000	0.000000	0.000000	0.000000	0.000000	0.000000	0.000000	0.000000	-0.001536	0.000000
"2016-05-21 00:00"	0.000000	0.000000	0.000000	0.000000	0.000000	0.000000	0.000000	-0.002122	-4.09e-06	-3.07e-06	-0.003630	-2.86e-06
"2016-05-22 00:00"	0.000000	0.000000	0.000000	0.000000	0.000000	0.000000	0.000000	-3.78e-04	0.000000	0.000000	-0.001034	0.000000
"2016-05-23 00:00"	0.000000	0.000000	0.000000	0.000000	0.000000	0.000000	0.000000	-3.51e-04	0.000000	0.000000	-0.001479	0.000000
"2016-05-24 00:00"	0.000000	0.000000	0.000000	0.000000	0.000000	0.000000	0.000000	-2.50e-06	-2.55e-06	-1.92e-06	-8.01e-04	-1.78e-06
"2016-05-25 00:00"	0.000000	0.000000	0.000000	0.000000	0.000000	0.000000	0.000000	0.000000	0.000000	0.000000	-2.65e-04	0.000000
"2016-05-26 00:00"	0.000000	0.000000	0.000000	0.000000	0.000000	0.000000	0.000000	0.000000	0.000000	0.000000	-2.39e-04	0.000000
"2016-05-27 00:00"	0.000000	0.000000	0.000000	0.000000	0.000000	0.000000	0.000000	0.000000	0.000000	0.000000	-1.23e-04	0.000000
"2016-05-28 00:00"	0.000000	0.000000	0.000000	0.000000	0.000000	0.000000	0.000000	0.000000	0.000000	0.000000	-9.42e-05	0.000000
"2016-05-29 00:00"	0.000000	0.000000	0.000000	0.000000	0.000000	0.000000	0.000000	-3.48e-06	-3.50e-06	-2.63e-06	-7.71e-04	-2.45e-06
"2016-05-30 00:00"	0.000000	0.000000	0.000000	0.000000	0.000000	0.000000	0.000000	0.000000	0.000000	0.000000	-0.002094	0.000000
"2016-05-31 00:00"	0.000000	0.000000	0.000000	0.000000	0.000000	0.000000	0.000000	0.000000	0.000000	0.000000	-1.35e-04	0.000000
"2016-06-01 00:00"	0.000000	0.000000	0.000000	0.000000	0.000000	0.000000	0.000000	0.000000	0.000000	0.000000	-5.33e-05	0.000000
"2016-06-02 00:00"	0.000000	0.000000	0.000000	0.000000	0.000000	0.000000	0.000000	0.000000	0.000000	0.000000	-2.70e-05	0.000000
"2016-06-03 00:00"	0.000000	0.000000	0.000000	0.000000	0.000000	0.000000	0.000000	-5.61e-06	-5.46e-06	-4.10e-06	-0.002628	-3.81e-06
"2016-06-04 00:00"	0.000000	0.000000	0.000000	0.000000	0.000000	0.000000	0.000000	-3.74e-04	-7.38e-07	-5.56e-07	-0.001745	-5.15e-07
"2016-06-05 00:00"	0.000000	0.000000	0.000000	0.000000	0.000000	0.000000	0.000000	-1.22e-04	0.000000	0.000000	-1.84e-04	0.000000
"2016-06-06 00:00"	0.000000	0.000000	0.000000	0.000000	0.000000	0.000000	0.000000	0.000000	0.000000	0.000000	-2.00e-05	0.000000
"2016-06-07 00:00"	0.000000	0.000000	0.000000	0.000000	0.000000	0.000000	0.000000	-0.003360	-8.11e-05	-6.10e-05	-0.003108	-5.68e-05
"2016-06-08 00:00"	0.000000	0.000000	0.000000	0.000000	0.000000	0.000000	0.000000	0.000000	0.000000	0.000000	-1.50e-04	0.000000
"2016-06-09 00:00"	0.000000	0.000000	0.000000	0.000000	0.000000	0.000000	0.000000	-0.002393	-1.84e-06	-1.39e-06	-0.002362	-1.29e-06
"2016-06-10 00:00"	0.000000	0.000000	0.000000	0.000000	0.000000	0.000000	0.000000	0.000000	0.000000	0.000000	0.000000	0.000000
"2016-06-11 00:00"	0.000000	0.000000	0.000000	0.000000	0.000000	0.000000	0.000000	-9.37e-04	-2.40e-05	-1.80e-05	-0.002081	-1.67e-05
"2016-06-12 00:00"	0.000000	0.000000	0.000000	0.000000	0.000000	0.000000	0.000000	-2.49e-06	-2.56e-06	-1.92e-06	-6.78e-04	-1.79e-06
"2016-06-13 00:00"	0.000000	0.000000	0.000000	0.000000	0.000000	0.000000	0.000000	-1.20e-06	-1.22e-06	-9.22e-07	-9.12e-04	-8.45e-07
"2016-06-14 00:00"	0.000000	0.000000	0.000000	0.000000	0.000000	0.000000	0.000000	-6.61e-04	0.000000	0.000000	-0.001095	0.000000
"2016-06-15 00:00"	0.000000	0.000000	0.000000	0.000000	0.000000	0.000000	0.000000	-0.003198	-2.80e-05	-2.09e-05	-0.003232	-1.96e-05
