"2015-06-16 00:00"	0.000000	-0.001542	-0.004386	-4.16e-04	0.000000	0.000000	0.000000	0.000000	0.000000	0.000000	0.000000	0.000000
"2015-06-17 00:00"	0.000000	-0.002002	-0.004771	-9.41e-04	0.000000	0.000000	-0.004135	-0.002899	-0.010936	-0.006723	-0.001259	-0.008918
"2015-06-18 00:00"	0.000000	-0.001875	-0.004178	-7.54e-04	0.000000	0.000000	-0.004689	-0.002666	-0.011368	-0.006997	-5.59e-04	-0.009263
"2015-06-19 00:00"	0.000000	-4.92e-06	-4.79e-04	-4.37e-06	0.000000	0.000000	0.000000	0.000000	-0.001029	-6.43e-04	0.000000	-8.34e-04
"2015-06-20 00:00"	0.000000	-3.72e-06	-7.08e-04	-3.24e-06	0.000000	0.000000	0.000000	-2.95e-06	-0.002703	-0.001706	-2.22e-06	-0.002165
"2015-06-21 00:00"	0.000000	-5.14e-04	-0.001580	-4.70e-07	0.000000	0.000000	-1.71e-06	-0.001164	-0.009234	-0.009978	0.000000	-0.010554
"2015-06-22 00:00"	0.000000	-5.39e-04	-0.001683	-1.59e-06	0.000000	0.000000	0.000000	-7.07e-04	-0.012069	-0.008854	0.000000	-0.010354
"2015-06-23 00:00"	0.000000	-8.45e-04	-0.002679	-3.02e-04	0.000000	0.000000	0.000000	0.000000	-0.008299	-0.006249	0.000000	-0.007038
"2015-06-24 00:00"	0.000000	-3.60e-05	-1.97e-04	-2.66e-05	0.000000	0.000000	0.000000	-5.26e-07	-0.009261	-0.006414	-3.95e-07	-0.007735
"2015-06-25 00:00"	0.000000	-2.26e-04	-0.001959	-2.21e-04	0.000000	0.000000	0.000000	-0.001072	-0.014651	-0.009565	0.000000	-0.011918
"2015-06-26 00:00"	0.000000	-0.001615	-0.004105	-0.001167	0.000000	0.000000	-7.08e-05	-0.004835	-0.021859	-0.013624	0.000000	-0.017861
"2015-06-27 00:00"	0.000000	-8.18e-04	-0.002347	-4.91e-04	0.000000	0.000000	0.000000	-0.001661	-0.012432	-0.007847	0.000000	-0.010126
"2015-06-28 00:00"	0.000000	-8.65e-04	-0.002608	-4.97e-04	0.000000	0.000000	0.000000	0.000000	-0.007873	-0.005325	0.000000	-0.006619
"2015-06-29 00:00"	0.000000	-0.001180	-0.003191	-6.48e-04	0.000000	0.000000	0.000000	-7.46e-04	-0.011923	-0.007253	0.000000	-0.009685
"2015-06-30 00:00"	0.000000	-0.001061	-0.002882	-5.39e-04	0.000000	0.000000	-5.70e-07	0.000000	-0.008909	-0.005379	0.000000	-0.007518
"2015-07-01 00:00"	0.000000	-0.001629	-0.004323	-9.05e-04	0.000000	0.000000	0.000000	0.000000	-0.006526	-0.003873	0.000000	-0.005647
"2015-07-02 00:00"	0.000000	-0.001261	-0.003380	-6.58e-04	0.000000	0.000000	0.000000	0.000000	-0.006207	-0.003459	0.000000	-0.005455
"2015-07-03 00:00"	0.000000	-0.001459	-0.003885	-7.70e-04	0.000000	0.000000	0.000000	-4.78e-07	-0.006365	-0.003130	-3.64e-07	-0.005983
"2015-07-04 00:00"	0.000000	-0.001839	-0.004712	-9.99e-04	0.000000	0.000000	0.000000	0.000000	-0.005901	-0.002028	0.000000	-0.005133
"2015-07-05 00:00"	0.000000	-2.32e-04	-7.37e-04	-3.58e-05	0.000000	0.000000	0.000000	0.000000	-0.007948	-0.003573	0.000000	-0.006120
"2015-07-06 00:00"	0.000000	-0.001281	-0.003145	-3.12e-04	0.000000	0.000000	0.000000	-9.20e-07	-0.012800	-0.006355	-6.92e-07	-0.010706
"2015-07-07 00:00"	0.000000	-5.20e-04	-0.001418	-9.56e-05	0.000000	0.000000	0.000000	0.000000	-0.006071	-0.001749	0.000000	-0.004790
"2015-07-08 00:00"	0.000000	-8.91e-04	-0.002237	-2.32e-04	0.000000	0.000000	0.000000	-5.28e-07	-0.006493	-0.002307	-3.99e-07	-0.005528
"2015-07-09 00:00"	0.000000	-5.10e-04	-0.001392	-7.67e-05	0.000000	0.000000	0.000000	0.000000	-0.006128	-0.002110	0.000000	-0.005162
"2015-07-10 00:00"	0.000000	-0.001170	-0.002925	-4.84e-04	0.000000	0.000000	0.000000	0.000000	-0.005249	-0.001045	0.000000	-0.004474
"2015-07-11 00:00"	0.000000	-0.001368	-0.003242	-7.33e-04	0.000000	0.000000	-6.01e-07	-8.11e-07	-0.015504	-0.007530	-6.10e-07	-0.013213
"2015-07-12 00:00"	0.000000	-6.19e-04	-0.001689	-1.04e-04	0.000000	0.000000	-8.25e-07	-1.61e-06	-0.007371	-0.002078	-1.21e-06	-0.006500
"2015-07-13 00:00"	0.000000	-2.07e-04	-6.58e-04	0.000000	0.000000	0.000000	0.000000	0.000000	-0.009778	-0.002840	0.000000	-0.008990
"2015-07-14 00:00"	0.000000	-0.001498	-0.003772	-6.25e-04	0.000000	0.000000	0.000000	0.000000	-0.005954	-5.37e-04	0.000000	-0.005638
"2015-07-15 00:00"	0.000000	-0.001382	-0.003403	-7.08e-04	0.000000	0.000000	0.000000	0.000000	-0.005798	-3.34e-06	0.000000	-0.005925
"2015-07-16 00:00"	0.000000	-6.93e-04	-0.001845	-2.04e-04	0.000000	0.000000	0.000000	0.000000	-0.007073	-7.60e-04	0.000000	-0.006815
"2015-07-17 00:00"	0.000000	-7.04e-04	-0.001718	-2.40e-04	0.000000	0.000000	-1.72e-06	0.000000	-0.011780	-0.003811	0.000000	-0.010326
"2015-07-18 00:00"	0.000000	-0.001324	-0.003309	-5.60e-04	0.000000	0.000000	0.000000	0.000000	-0.005756	-1.87e-04	0.000000	-0.005426
"2015-07-19 00:00"	0.000000	-5.90e-04	-0.001462	-1.12e-04	0.000000	0.000000	0.000000	0.000000	-0.010918	-0.003378	0.000000	-0.009835
"2015-07-20 00:00"	0.000000	-5.70e-04	-0.001526	-1.44e-05	0.000000	0.000000	0.000000	-1.76e-06	-0.006189	-5.45e-04	-1.32e-06	-0.005874
"2015-07-21 00:00"	0.000000	-0.002078	-0.005293	-0.001143	0.000000	0.000000	0.000000	-4.79e-07	-0.007595	-0.001759	-3.60e-07	-0.006979
"2015-07-22 00:00"	0.000000	-5.83e-04	-0.001511	-4.20e-05	0.000000	0.000000	0.000000	-2.06e-06	-0.006373	-6.88e-04	-1.55e-06	-0.005549
"2015-07-23 00:00"	0.000000	-9.49e-04	-0.002141	-3.15e-04	0.000000	0.000000	-9.05e-07	0.000000	-0.011713	-0.004439	0.000000	-0.010439
"2015-07-24 00:00"	0.000000	-8.03e-04	-0.001952	-1.42e-04	0.000000	0.000000	0.000000	0.000000	-0.006965	-0.001235	0.000000	-0.006482
"2015-07-25 00:00"	0.000000	-0.001227	-0.003134	-5.92e-04	0.000000	0.000000	-5.11e-06	-4.46e-06	-0.015324	-0.006460	-3.32e-06	-0.013093
"2015-07-26 00:00"	0.000000	-5.51e-04	-0.001569	-3.79e-05	0.000000	0.000000	0.000000	-5.02e-07	-0.005684	-4.33e-04	-3.73e-07	-0.005503
"2015-07-27 00:00"	0.000000	-0.001261	-0.003179	-5.50e-04	0.000000	0.000000	0.000000	0.000000	-0.005189	-5.39e-05	0.000000	-0.005074
"2015-07-28 00:00"	0.000000	-1.43e-04	-3.83e-04	-6.63e-05	0.000000	0.000000	0.000000	0.000000	-0.005756	-1.12e-04	0.000000	-0.005689
"2015-07-29 00:00"	0.000000	0.000000	0.000000	0.000000	0.000000	0.000000	0.000000	0.000000	-0.005640	-2.35e-05	0.000000	-0.005681
"2015-07-30 00:00"	0.000000	0.000000	0.000000	0.000000	0.000000	0.000000	0.000000	0.000000	-0.005647	0.000000	0.000000	-0.005624
"2015-07-31 00:00"	0.000000	0.000000	0.000000	0.000000	0.000000	0.000000	0.000000	0.000000	-0.005512	0.000000	0.000000	-0.005403
"2015-08-01 00:00"	0.000000	0.000000	0.000000	0.000000	0.000000	0.000000	0.000000	0.000000	-0.005142	0.000000	0.000000	-0.005357
"2015-08-02 00:00"	0.000000	-2.12e-05	-2.73e-04	-2.17e-07	0.000000	0.000000	0.000000	0.000000	-0.005114	-3.54e-05	0.000000	-0.005099
"2015-08-03 00:00"	0.000000	-3.09e-05	-4.92e-05	-2.09e-07	0.000000	0.000000	0.000000	0.000000	-0.005009	-3.17e-05	0.000000	-0.004572
"2015-08-04 00:00"	0.000000	-1.13e-04	-1.96e-04	0.000000	0.000000	0.000000	0.000000	0.000000	-0.004253	-7.91e-05	0.000000	-0.004791
"2015-08-05 00:00"	0.000000	-6.14e-04	-0.001402	-1.95e-06	0.000000	0.000000	0.000000	0.000000	-0.004728	-2.63e-04	0.000000	-0.004866
"2015-08-06 00:00"	0.000000	0.000000	-5.58e-04	0.000000	0.000000	0.000000	0.000000	0.000000	-0.003997	-1.85e-04	0.000000	-0.004690
"2015-08-07 00:00"	0.000000	-1.31e-04	-0.001395	-2.49e-05	0.000000	0.000000	0.000000	0.000000	-0.003945	-1.13e-04	0.000000	-0.004793
"2015-08-08 00:00"	0.000000	-6.33e-04	-0.001961	-3.60e-04	0.000000	0.000000	0.000000	0.000000	-0.004022	-1.60e-04	0.000000	-0.004811
"2015-08-09 00:00"	0.000000	-4.94e-04	-0.001641	-6.70e-04	0.000000	0.000000	0.000000	0.000000	-0.003825	-1.63e-04	0.000000	-0.004707
"2015-08-10 00:00"	0.000000	-7.96e-04	-0.002198	-7.22e-04	0.000000	0.000000	0.000000	0.000000	-0.003928	-2.31e-04	0.000000	-0.004431
"2015-08-11 00:00"	0.000000	-9.09e-04	-0.002376	-6.96e-04	0.000000	0.000000	0.000000	0.000000	-0.003735	-1.62e-04	0.000000	-0.004563
"2015-08-12 00:00"	0.000000	-6.78e-06	-2.04e-04	-1.99e-05	0.000000	0.000000	0.000000	0.000000	-0.003605	-7.00e-05	0.000000	-0.004780
"2015-08-13 00:00"	0.000000	-2.50e-06	-4.65e-06	-2.44e-06	0.000000	0.000000	0.000000	0.000000	-0.003902	-1.07e-04	0.000000	-0.005091
"2015-08-14 00:00"	0.000000	-4.27e-04	-0.001356	-2.08e-06	0.000000	0.000000	0.000000	-2.07e-06	-0.003734	-2.40e-04	-1.56e-06	-0.004323
"2015-08-15 00:00"	0.000000	-4.66e-05	-3.55e-05	-2.85e-06	0.000000	0.000000	0.000000	0.000000	-0.003634	-1.59e-04	0.000000	-0.004501
"2015-08-16 00:00"	0.000000	-4.04e-04	-9.38e-04	-1.36e-06	0.000000	0.000000	0.000000	0.000000	-0.003678	-1.41e-04	0.000000	-0.004990
"2015-08-17 00:00"	0.000000	-2.22e-06	-5.67e-06	-1.75e-06	0.000000	0.000000	0.000000	0.000000	-0.004182	-6.02e-05	0.000000	-0.005286
"2015-08-18 00:00"	0.000000	-5.65e-05	-1.64e-04	-5.61e-06	0.000000	0.000000	0.000000	0.000000	-0.003949	-1.34e-05	0.000000	-0.005262
"2015-08-19 00:00"	0.000000	-0.001295	-0.003000	-2.16e-04	0.000000	0.000000	0.000000	0.000000	-0.004050	0.000000	0.000000	-0.005461
"2015-08-20 00:00"	0.000000	-4.10e-04	-6.61e-04	-9.93e-05	0.000000	0.000000	0.000000	0.000000	-0.003730	0.000000	0.000000	-0.005856
"2015-08-21 00:00"	0.000000	-5.97e-04	-0.001035	-2.12e-04	0.000000	0.000000	0.000000	0.000000	-0.004232	0.000000	0.000000	-0.005849
"2015-08-22 00:00"	0.000000	-5.16e-04	-7.88e-04	-1.31e-04	0.000000	0.000000	0.000000	0.000000	-0.004007	0.000000	0.000000	-0.005779
"2015-08-23 00:00"	0.000000	-0.001224	-0.002462	-6.08e-04	0.000000	0.000000	0.000000	0.000000	-0.003895	0.000000	0.000000	-0.005601
"2015-08-24 00:00"	0.000000	-5.76e-04	-7.87e-04	-6.18e-05	0.000000	0.000000	0.000000	0.000000	-0.003739	0.000000	0.000000	-0.006167
"2015-08-25 00:00"	0.000000	-3.20e-06	-6.84e-06	-2.48e-06	0.000000	0.000000	0.000000	0.000000	-0.003947	0.000000	0.000000	-0.006310
"2015-08-26 00:00"	0.000000	-2.31e-06	-4.31e-06	-1.75e-06	0.000000	0.000000	0.000000	0.000000	-0.003491	0.000000	0.000000	-0.005748
"2015-08-27 00:00"	0.000000	-3.63e-04	-6.87e-06	-2.91e-06	0.000000	0.000000	0.000000	0.000000	-0.003422	0.000000	0.000000	-0.005050
"2015-08-28 00:00"	0.000000	-6.01e-04	-8.32e-04	-2.26e-06	0.000000	0.000000	0.000000	0.000000	-0.003097	0.000000	0.000000	-0.005014
"2015-08-29 00:00"	0.000000	-1.40e-05	0.000000	0.000000	0.000000	0.000000	0.000000	0.000000	-0.003512	0.000000	0.000000	-0.005540
"2015-08-30 00:00"	0.000000	0.000000	0.000000	0.000000	0.000000	0.000000	0.000000	0.000000	-0.003806	0.000000	0.000000	-0.005533
"2015-08-31 00:00"	0.000000	0.000000	0.000000	0.000000	0.000000	0.000000	0.000000	0.000000	-0.003636	0.000000	0.000000	-0.005260
"2015-09-01 00:00"	0.000000	-1.13e-04	-4.21e-06	-1.91e-06	0.000000	0.000000	-1.58e-06	-1.19e-05	-0.003618	-2.07e-06	-3.27e-06	-0.005547
"2015-09-02 00:00"	0.000000	-0.001212	-0.001444	-2.82e-06	0.000000	0.000000	-4.90e-06	-1.01e-05	-0.008282	-7.38e-07	-5.55e-06	-0.008008
"2015-09-03 00:00"	0.000000	-0.001287	-0.002901	-6.33e-04	0.000000	0.000000	-6.79e-06	0.000000	-0.004091	0.000000	0.000000	-0.004824
"2015-09-04 00:00"	0.000000	-4.75e-04	-0.001327	-4.09e-04	0.000000	0.000000	0.000000	0.000000	-0.002764	0.000000	0.000000	-0.003177
"2015-09-05 00:00"	0.000000	-2.40e-05	-3.95e-04	-5.66e-05	0.000000	0.000000	-5.85e-06	-1.62e-06	-0.004320	-1.16e-06	-1.22e-06	-0.004307
"2015-09-06 00:00"	0.000000	-2.26e-04	-0.001199	-1.82e-04	0.000000	0.000000	0.000000	0.000000	-0.003124	0.000000	0.000000	-0.002984
"2015-09-07 00:00"	0.000000	-9.47e-04	-0.002883	-6.84e-04	0.000000	0.000000	-1.81e-06	-1.99e-06	-0.003039	-1.49e-06	-1.49e-06	-0.002889
"2015-09-08 00:00"	0.000000	-0.001612	-0.004583	-0.001156	0.000000	0.000000	-1.49e-05	-6.75e-06	-0.006145	-5.04e-06	-5.07e-06	-0.005309
"2015-09-09 00:00"	0.000000	-9.41e-04	-0.003043	-6.18e-04	0.000000	0.000000	0.000000	0.000000	-0.001692	0.000000	0.000000	-0.001297
"2015-09-10 00:00"	0.000000	-5.42e-04	-0.002017	-2.87e-04	0.000000	0.000000	0.000000	0.000000	-0.002749	0.000000	0.000000	-0.001897
"2015-09-11 00:00"	0.000000	-4.83e-04	-0.002101	-2.34e-04	0.000000	0.000000	0.000000	0.000000	-0.002129	0.000000	0.000000	-0.001177
"2015-09-12 00:00"	0.000000	-6.73e-07	-1.28e-06	-5.85e-07	0.000000	0.000000	0.000000	0.000000	-4.40e-04	0.000000	0.000000	-2.99e-04
"2015-09-13 00:00"	0.000000	-9.24e-06	-8.43e-05	-7.95e-06	0.000000	0.000000	0.000000	0.000000	-0.001755	0.000000	0.000000	-1.25e-04
"2015-09-14 00:00"	0.000000	-0.001109	-0.003844	-3.37e-04	0.000000	0.000000	0.000000	0.000000	-3.20e-04	0.000000	0.000000	-8.63e-05
"2015-09-15 00:00"	0.000000	-0.001300	-0.003311	-8.55e-04	0.000000	0.000000	0.000000	0.000000	-6.79e-06	0.000000	0.000000	-4.46e-06
"2015-09-16 00:00"	0.000000	-0.001831	-0.004841	-0.001301	0.000000	0.000000	0.000000	0.000000	-4.72e-06	0.000000	0.000000	-4.35e-06
"2015-09-17 00:00"	0.000000	-0.001456	-0.003843	-9.33e-04	0.000000	0.000000	-6.80e-06	-8.02e-06	-0.001993	-6.03e-06	-5.69e-06	-0.001623
"2015-09-18 00:00"	0.000000	-0.001682	-0.004366	-0.001055	0.000000	0.000000	0.000000	0.000000	-2.56e-06	0.000000	0.000000	-4.51e-06
"2015-09-19 00:00"	0.000000	-0.001798	-0.004676	-0.001117	0.000000	0.000000	-4.24e-06	-5.51e-06	-0.003895	-4.14e-06	-4.14e-06	-0.003171
"2015-09-20 00:00"	0.000000	-0.001503	-0.004013	-8.77e-04	0.000000	0.000000	0.000000	0.000000	-4.56e-06	0.000000	0.000000	-3.52e-06
"2015-09-21 00:00"	0.000000	-0.001552	-0.004212	-8.70e-04	0.000000	0.000000	0.000000	0.000000	-4.66e-06	0.000000	0.000000	-3.53e-06
"2015-09-22 00:00"	0.000000	-4.10e-04	-0.001397	-6.41e-05	0.000000	0.000000	-7.50e-06	-7.43e-06	-0.003628	-5.59e-06	-5.58e-06	-0.002934
"2015-09-23 00:00"	0.000000	-0.001376	-0.003804	-6.89e-04	0.000000	0.000000	0.000000	0.000000	-1.54e-05	0.000000	0.000000	-2.95e-05
"2015-09-24 00:00"	0.000000	-0.001534	-0.004063	-8.73e-04	0.000000	0.000000	-4.94e-06	-1.25e-05	-0.010182	-9.40e-06	-9.40e-06	-0.008263
"2015-09-25 00:00"	0.000000	-0.001280	-0.003489	-6.17e-04	0.000000	0.000000	0.000000	0.000000	-5.45e-04	0.000000	0.000000	-4.81e-04
"2015-09-26 00:00"	0.000000	-0.001462	-0.003944	-7.83e-04	0.000000	0.000000	-3.00e-05	-4.07e-05	-0.004425	-3.09e-05	-3.06e-05	-0.003597
"2015-09-27 00:00"	0.000000	-0.001858	-0.004861	-0.001022	0.000000	0.000000	-4.39e-06	-3.78e-06	-0.005395	-2.84e-06	-2.84e-06	-0.004401
"2015-09-28 00:00"	0.000000	-0.001444	-0.003935	-8.27e-04	0.000000	0.000000	0.000000	0.000000	-2.10e-05	0.000000	0.000000	-1.77e-05
"2015-09-29 00:00"	0.000000	-0.001358	-0.003869	-7.34e-04	0.000000	0.000000	-6.95e-07	-2.16e-06	-0.001269	-1.63e-06	-1.63e-06	-0.001025
"2015-09-30 00:00"	0.000000	-0.002176	-0.005584	-0.001270	0.000000	0.000000	0.000000	0.000000	-3.05e-06	0.000000	0.000000	-2.11e-06
"2015-10-01 00:00"	0.000000	-0.001717	-0.004533	-0.001027	0.000000	0.000000	0.000000	0.000000	-2.60e-06	0.000000	0.000000	-2.12e-06
"2015-10-02 00:00"	0.000000	-0.001413	-0.003851	-6.65e-04	0.000000	0.000000	-5.17e-07	-5.38e-07	-4.81e-04	-4.19e-07	-3.98e-07	-3.92e-04
"2015-10-03 00:00"	0.000000	-5.86e-04	-0.001984	-1.14e-04	0.000000	0.000000	0.000000	0.000000	-1.10e-04	0.000000	0.000000	-8.81e-05
"2015-10-04 00:00"	0.000000	-7.21e-04	-0.002209	-2.51e-04	0.000000	0.000000	-6.92e-07	-6.80e-07	-3.64e-04	-5.15e-07	-5.10e-07	-2.86e-04
"2015-10-05 00:00"	0.000000	-5.37e-04	-0.001579	-1.80e-04	0.000000	0.000000	-6.28e-06	-4.36e-06	-0.005521	-3.28e-06	-3.28e-06	-0.004512
"2015-10-06 00:00"	0.000000	-0.001099	-0.003337	-4.51e-04	0.000000	0.000000	0.000000	-1.16e-06	-0.001515	-8.73e-07	-8.74e-07	-0.001234
"2015-10-07 00:00"	0.000000	-1.42e-04	-8.35e-04	-6.09e-05	0.000000	0.000000	-6.03e-07	-7.37e-07	-0.001088	-5.53e-07	-5.54e-07	-8.69e-04
"2015-10-08 00:00"	0.000000	-9.55e-04	-0.002504	-3.53e-04	0.000000	0.000000	0.000000	0.000000	-2.09e-04	0.000000	0.000000	-1.45e-04
"2015-10-09 00:00"	0.000000	-0.001383	-0.003686	-8.07e-04	0.000000	0.000000	0.000000	0.000000	-1.53e-06	0.000000	0.000000	-1.38e-06
"2015-10-10 00:00"	0.000000	-0.001659	-0.004307	-9.56e-04	0.000000	0.000000	0.000000	0.000000	-1.17e-04	0.000000	0.000000	-7.67e-05
"2015-10-11 00:00"	0.000000	-0.001148	-0.002801	-4.97e-04	0.000000	0.000000	0.000000	0.000000	-0.001177	0.000000	0.000000	-9.52e-04
"2015-10-12 00:00"	0.000000	-0.001389	-0.003608	-8.12e-04	0.000000	0.000000	0.000000	0.000000	-2.77e-04	0.000000	0.000000	-2.13e-04
"2015-10-13 00:00"	0.000000	-0.001645	-0.004105	-8.65e-04	0.000000	0.000000	-8.59e-07	-7.92e-07	-0.001176	-5.94e-07	-5.96e-07	-9.48e-04
"2015-10-14 00:00"	0.000000	-0.001397	-0.003667	-7.07e-04	0.000000	0.000000	-3.81e-05	-2.89e-05	-0.005127	-2.05e-05	-1.90e-05	-0.004033
"2015-10-15 00:00"	0.000000	-0.002317	-0.005847	-0.001355	0.000000	0.000000	-3.96e-05	-1.04e-05	-0.007330	-2.87e-05	-6.40e-06	-0.006112
"2015-10-16 00:00"	0.000000	-0.001748	-0.004394	-0.001103	0.000000	0.000000	-3.55e-05	-3.00e-05	-0.008059	-1.12e-04	-2.78e-05	-0.006548
"2015-10-17 00:00"	0.000000	-3.54e-04	-0.001108	-1.36e-06	0.000000	0.000000	0.000000	0.000000	-0.001969	0.000000	0.000000	-0.001605
"2015-10-18 00:00"	0.000000	-7.24e-04	-0.002055	-5.85e-05	0.000000	0.000000	0.000000	0.000000	-2.77e-04	0.000000	0.000000	-2.05e-04
"2015-10-19 00:00"	0.000000	-8.75e-05	-4.85e-04	-6.68e-06	0.000000	0.000000	-8.49e-07	-6.41e-04	-0.001423	-7.73e-07	-7.72e-07	-0.001134
"2015-10-20 00:00"	0.000000	-0.001554	-0.003952	-6.36e-04	0.000000	0.000000	0.000000	-2.57e-05	-2.96e-05	0.000000	0.000000	-2.34e-05
"2015-10-21 00:00"	0.000000	-0.001444	-0.003559	-7.97e-04	0.000000	0.000000	-2.22e-06	-3.37e-05	-0.001266	-1.66e-06	-1.65e-06	-0.001030
"2015-10-22 00:00"	0.000000	-0.002389	-0.005820	-0.001523	0.000000	0.000000	0.000000	0.000000	-4.64e-05	0.000000	0.000000	-4.11e-05
"2015-10-23 00:00"	0.000000	-5.92e-04	-0.001568	-2.70e-04	0.000000	0.000000	0.000000	0.000000	-1.45e-04	0.000000	0.000000	-1.15e-04
"2015-10-24 00:00"	0.000000	-0.001340	-0.003369	-6.91e-04	0.000000	0.000000	0.000000	0.000000	-1.67e-04	0.000000	0.000000	-1.21e-04
"2015-10-25 00:00"	0.000000	-0.001842	-0.004379	-0.001006	0.000000	0.000000	0.000000	0.000000	0.000000	0.000000	0.000000	0.000000
"2015-10-26 00:00"	0.000000	-0.001112	-0.002784	-4.50e-04	0.000000	0.000000	0.000000	0.000000	-1.14e-04	0.000000	0.000000	-9.21e-05
"2015-10-27 00:00"	0.000000	-0.002252	-0.005554	-0.001290	0.000000	0.000000	0.000000	0.000000	-2.45e-05	0.000000	0.000000	-1.72e-05
"2015-10-28 00:00"	0.000000	-0.001410	-0.003348	-6.60e-04	0.000000	0.000000	0.000000	0.000000	-1.13e-04	0.000000	0.000000	-7.72e-05
"2015-10-29 00:00"	0.000000	-0.001532	-0.003670	-7.55e-04	0.000000	0.000000	0.000000	0.000000	-4.39e-05	0.000000	0.000000	-3.50e-05
"2015-10-30 00:00"	0.000000	-0.001790	-0.004245	-9.51e-04	0.000000	0.000000	0.000000	0.000000	-0.002025	0.000000	0.000000	-4.76e-05
"2015-10-31 00:00"	0.000000	-0.002290	-0.005593	-0.001295	0.000000	0.000000	0.000000	0.000000	-0.002996	0.000000	0.000000	-1.04e-04
"2015-11-01 00:00"	0.000000	-0.001168	-0.002914	-5.66e-04	0.000000	0.000000	0.000000	0.000000	-9.74e-04	0.000000	0.000000	-1.16e-04
"2015-11-02 00:00"	0.000000	-0.001121	-0.002816	-4.34e-04	0.000000	0.000000	0.000000	0.000000	-2.65e-04	0.000000	0.000000	-8.03e-05
"2015-11-03 00:00"	0.000000	-0.001247	-0.003003	-6.58e-04	0.000000	0.000000	0.000000	0.000000	-0.002397	0.000000	0.000000	-5.57e-05
"2015-11-04 00:00"	0.000000	-0.001973	-0.004723	-0.001071	0.000000	0.000000	0.000000	0.000000	-0.001301	0.000000	0.000000	-2.94e-05
"2015-11-05 00:00"	0.000000	-0.001592	-0.003764	-7.53e-04	0.000000	0.000000	0.000000	0.000000	0.000000	0.000000	0.000000	0.000000
"2015-11-06 00:00"	0.000000	-9.98e-04	-0.002362	-3.74e-04	0.000000	0.000000	0.000000	0.000000	-2.51e-04	0.000000	0.000000	-5.84e-05
"2015-11-07 00:00"	0.000000	-0.001363	-0.003293	-6.19e-04	0.000000	0.000000	-1.23e-05	-1.06e-05	-0.002657	-7.98e-06	-7.97e-06	-0.001970
"2015-11-08 00:00"	0.000000	-0.002203	-0.005038	-0.001199	0.000000	0.000000	-7.58e-05	-1.38e-04	-0.011400	-9.84e-05	-9.79e-05	-0.009353
"2015-11-09 00:00"	0.000000	-7.21e-05	-2.62e-04	-1.49e-05	0.000000	0.000000	0.000000	0.000000	-0.001583	0.000000	0.000000	-2.00e-04
"2015-11-10 00:00"	0.000000	-0.001601	-0.003683	-5.53e-04	0.000000	0.000000	0.000000	0.000000	-0.001641	0.000000	0.000000	-3.59e-05
"2015-11-11 00:00"	0.000000	-0.001292	-0.003059	-6.51e-04	0.000000	0.000000	-5.74e-07	-1.13e-06	-0.002873	-8.49e-07	-8.49e-07	-0.001866
"2015-11-12 00:00"	0.000000	-0.001041	-0.002353	-4.71e-04	0.000000	0.000000	0.000000	0.000000	-0.001730	0.000000	0.000000	-9.09e-05
"2015-11-13 00:00"	0.000000	-8.24e-04	-0.001892	-2.98e-04	0.000000	0.000000	0.000000	-6.61e-07	-0.002652	-4.98e-07	-4.99e-07	-8.04e-04
"2015-11-14 00:00"	0.000000	-0.001752	-0.004075	-9.24e-04	0.000000	0.000000	0.000000	0.000000	-0.001110	0.000000	0.000000	-1.62e-04
"2015-11-15 00:00"	0.000000	-0.001652	-0.003832	-9.21e-04	0.000000	0.000000	0.000000	0.000000	-0.001191	0.000000	0.000000	-5.26e-05
"2015-11-16 00:00"	0.000000	-0.001862	-0.004128	-8.85e-04	0.000000	0.000000	-1.16e-06	-1.25e-06	-0.002281	-9.40e-07	-9.41e-07	-0.001612
"2015-11-17 00:00"	0.000000	-0.001769	-0.004113	-9.13e-04	0.000000	0.000000	0.000000	0.000000	-0.001128	0.000000	0.000000	-6.00e-05
"2015-11-18 00:00"	0.000000	-7.83e-04	-0.001684	-2.58e-04	0.000000	0.000000	-8.74e-06	-1.00e-05	-0.006020	-7.54e-06	-7.54e-06	-0.004450
"2015-11-19 00:00"	0.000000	-0.002023	-0.004749	-0.001041	0.000000	0.000000	0.000000	0.000000	-0.001967	0.000000	0.000000	-1.80e-04
"2015-11-20 00:00"	0.000000	-0.002275	-0.005286	-0.001273	0.000000	0.000000	0.000000	0.000000	-3.87e-04	0.000000	0.000000	0.000000
"2015-11-21 00:00"	0.000000	-0.001990	-0.004624	-0.001135	0.000000	0.000000	0.000000	0.000000	-0.001287	0.000000	0.000000	0.000000
"2015-11-22 00:00"	0.000000	-0.001858	-0.004312	-0.001007	0.000000	0.000000	0.000000	0.000000	-0.001398	0.000000	0.000000	0.000000
"2015-11-23 00:00"	0.000000	-0.001027	-0.002386	-4.10e-04	0.000000	0.000000	0.000000	0.000000	-1.28e-04	0.000000	0.000000	0.000000
"2015-11-24 00:00"	0.000000	-3.71e-04	-7.17e-04	-5.45e-05	0.000000	0.000000	0.000000	0.000000	-0.001881	0.000000	0.000000	0.000000
"2015-11-25 00:00"	0.000000	-0.001389	-0.003077	-5.45e-04	0.000000	0.000000	0.000000	0.000000	-0.001201	0.000000	0.000000	0.000000
"2015-11-26 00:00"	0.000000	-0.001514	-0.003339	-7.91e-04	0.000000	0.000000	0.000000	0.000000	-0.001540	0.000000	0.000000	0.000000
"2015-11-27 00:00"	0.000000	-0.001704	-0.003864	-8.87e-04	0.000000	0.000000	0.000000	0.000000	-3.33e-04	0.000000	0.000000	0.000000
"2015-11-28 00:00"	0.000000	-0.002450	-0.005733	-0.001483	0.000000	0.000000	0.000000	0.000000	-6.59e-04	0.000000	0.000000	0.000000
"2015-11-29 00:00"	0.000000	-8.54e-04	-0.001763	-2.83e-04	0.000000	0.000000	-4.20e-05	-2.17e-05	-0.004063	-1.63e-05	-1.63e-05	-1.51e-05
"2015-11-30 00:00"	0.000000	-0.001849	-0.004327	-0.001014	0.000000	0.000000	0.000000	0.000000	-2.36e-04	0.000000	0.000000	0.000000
"2015-12-01 00:00"	0.000000	-8.61e-04	-0.001983	-2.85e-04	0.000000	0.000000	0.000000	0.000000	-1.80e-04	0.000000	0.000000	0.000000
"2015-12-02 00:00"	0.000000	-0.001256	-0.002710	-5.36e-04	0.000000	0.000000	-7.42e-05	-5.31e-05	-0.008267	-4.00e-05	-3.99e-05	-3.71e-05
"2015-12-03 00:00"	0.000000	-0.001559	-0.003536	-8.06e-04	0.000000	0.000000	0.000000	0.000000	-0.004847	0.000000	0.000000	0.000000
"2015-12-04 00:00"	0.000000	-0.002086	-0.005052	-0.001162	0.000000	0.000000	0.000000	0.000000	-1.80e-05	0.000000	0.000000	0.000000
"2015-12-05 00:00"	0.000000	-0.002122	-0.005082	-0.001221	0.000000	0.000000	0.000000	0.000000	-3.10e-05	0.000000	0.000000	0.000000
"2015-12-06 00:00"	0.000000	-0.001250	-0.002877	-5.47e-04	0.000000	0.000000	0.000000	0.000000	0.000000	0.000000	0.000000	0.000000
"2015-12-07 00:00"	0.000000	-0.002454	-0.005875	-0.001443	0.000000	0.000000	0.000000	0.000000	-7.14e-05	0.000000	0.000000	0.000000
"2015-12-08 00:00"	0.000000	-0.001627	-0.003785	-8.69e-04	0.000000	0.000000	0.000000	0.000000	-3.79e-05	0.000000	0.000000	0.000000
"2015-12-09 00:00"	0.000000	-0.001183	-0.002825	-5.68e-04	0.000000	0.000000	-9.95e-07	-8.25e-07	-8.70e-04	-6.24e-07	-6.17e-07	-5.81e-07
"2015-12-10 00:00"	0.000000	-0.001171	-0.002721	-5.02e-04	0.000000	0.000000	-4.99e-07	-6.17e-07	-0.001050	-4.62e-07	-4.66e-07	-4.28e-07
"2015-12-11 00:00"	0.000000	-0.001662	-0.003808	-8.88e-04	0.000000	0.000000	-3.43e-06	-4.20e-06	-0.003211	-3.15e-06	-3.16e-06	-2.93e-06
"2015-12-12 00:00"	0.000000	-0.001189	-0.002786	-5.66e-04	0.000000	0.000000	0.000000	0.000000	-2.09e-05	0.000000	0.000000	0.000000
"2015-12-13 00:00"	0.000000	-0.001257	-0.002873	-5.96e-04	0.000000	0.000000	0.000000	0.000000	-6.82e-05	0.000000	0.000000	0.000000
"2015-12-14 00:00"	0.000000	-0.001731	-0.004116	-9.17e-04	0.000000	0.000000	0.000000	0.000000	-1.35e-04	0.000000	0.000000	0.000000
"2015-12-15 00:00"	0.000000	-0.002276	-0.005248	-0.001221	0.000000	0.000000	-1.04e-04	-6.27e-06	-0.005372	-4.72e-06	-4.72e-06	-4.38e-06
"2015-12-16 00:00"	0.000000	-0.001271	-0.002913	-5.58e-04	0.000000	0.000000	-2.99e-05	-2.91e-05	-0.004249	-2.71e-05	-2.26e-05	-2.81e-05
"2015-12-17 00:00"	0.000000	-0.001244	-0.002848	-5.94e-04	0.000000	0.000000	-5.00e-07	-7.31e-07	-4.48e-04	-5.52e-07	-5.49e-07	-5.13e-07
"2015-12-18 00:00"	0.000000	-0.001324	-0.003128	-6.39e-04	0.000000	0.000000	0.000000	0.000000	-4.33e-05	0.000000	0.000000	0.000000
"2015-12-19 00:00"	0.000000	-7.65e-04	-0.001758	-2.36e-04	0.000000	0.000000	-6.26e-07	-7.06e-07	-9.62e-04	-5.32e-07	-5.30e-07	-4.94e-07
"2015-12-20 00:00"	0.000000	-0.001266	-0.002939	-6.05e-04	0.000000	0.000000	-8.31e-07	-1.17e-06	-6.16e-04	-8.87e-07	-8.75e-07	-8.22e-07
"2015-12-21 00:00"	0.000000	-0.001214	-0.002786	-5.64e-04	0.000000	0.000000	-5.54e-07	0.000000	-4.32e-04	0.000000	0.000000	0.000000
"2015-12-22 00:00"	0.000000	-0.001687	-0.003865	-8.89e-04	0.000000	0.000000	0.000000	0.000000	-1.78e-04	0.000000	0.000000	0.000000
"2015-12-23 00:00"	0.000000	-0.001673	-0.003932	-9.36e-04	0.000000	0.000000	0.000000	0.000000	-9.58e-05	0.000000	0.000000	0.000000
"2015-12-24 00:00"	0.000000	-1.22e-04	-2.95e-04	-1.76e-05	0.000000	0.000000	-4.24e-06	-3.91e-06	-0.001518	-2.94e-06	-2.94e-06	-2.73e-06
"2015-12-25 00:00"	0.000000	-6.43e-04	-0.001286	-5.06e-05	0.000000	0.000000	-9.34e-07	-2.65e-06	-0.003046	-1.99e-06	-2.00e-06	-1.85e-06
"2015-12-26 00:00"	0.000000	-0.001066	-0.002390	-3.41e-04	0.000000	0.000000	0.000000	0.000000	-3.44e-04	0.000000	0.000000	0.000000
"2015-12-27 00:00"	0.000000	-2.05e-04	-3.14e-04	-1.29e-05	0.000000	0.000000	-1.10e-06	-1.62e-06	-0.001896	-1.22e-06	-1.22e-06	-1.13e-06
"2015-12-28 00:00"	0.000000	-0.001054	-0.002225	-3.28e-04	0.000000	0.000000	-1.69e-06	-2.14e-06	-0.002110	-1.61e-06	-1.61e-06	-1.49e-06
"2015-12-29 00:00"	0.000000	-0.001927	-0.004220	-0.001089	0.000000	0.000000	0.000000	0.000000	-0.002902	0.000000	0.000000	0.000000
"2015-12-30 00:00"	0.000000	-9.09e-04	-0.002023	-4.58e-04	0.000000	0.000000	-2.29e-06	-2.53e-06	-2.63e-04	-1.91e-06	-1.90e-06	-1.77e-06
"2015-12-31 00:00"	0.000000	-0.001014	-0.002289	-4.17e-04	0.000000	0.000000	-1.00e-05	-1.11e-05	-0.002219	-8.38e-06	-8.38e-06	-7.78e-06
"2016-01-01 00:00"	0.000000	-0.002463	-0.005663	-0.001456	0.000000	0.000000	-9.21e-06	-9.32e-06	-0.006510	-7.01e-06	-7.01e-06	-6.51e-06
"2016-01-02 00:00"	0.000000	-0.002504	-0.006126	-0.001574	0.000000	0.000000	0.000000	0.000000	-3.17e-04	0.000000	0.000000	0.000000
"2016-01-03 00:00"	0.000000	-0.002089	-0.005382	-0.001167	0.000000	0.000000	0.000000	0.000000	-3.04e-05	0.000000	0.000000	0.000000
"2016-01-04 00:00"	0.000000	-0.002101	-0.005263	-0.001273	0.000000	0.000000	0.000000	0.000000	-1.04e-04	0.000000	0.000000	0.000000
"2016-01-05 00:00"	0.000000	-0.002657	-0.006493	-0.001609	0.000000	0.000000	0.000000	0.000000	-3.17e-05	0.000000	0.000000	0.000000
"2016-01-06 00:00"	0.000000	-8.07e-04	-0.001740	-1.85e-04	0.000000	0.000000	-7.43e-07	0.000000	-4.68e-04	0.000000	0.000000	0.000000
"2016-01-07 00:00"	0.000000	-0.002574	-0.006614	-0.001452	0.000000	0.000000	-3.05e-06	-2.32e-06	-0.001280	-1.74e-06	-1.75e-06	-1.62e-06
"2016-01-08 00:00"	0.000000	-0.002258	-0.004952	-0.001204	0.000000	0.000000	-7.16e-07	-1.11e-05	-0.001314	-8.42e-06	-8.36e-06	-7.84e-06
"2016-01-09 00:00"	0.000000	-0.002396	-0.005122	-0.001180	0.000000	0.000000	0.000000	0.000000	-1.58e-05	0.000000	0.000000	0.000000
"2016-01-10 00:00"	0.000000	-0.003003	-0.006281	-0.001528	0.000000	0.000000	0.000000	0.000000	-1.28e-05	0.000000	0.000000	0.000000
"2016-01-11 00:00"	0.000000	-0.003203	-0.005991	-0.001449	0.000000	0.000000	0.000000	0.000000	-2.22e-05	0.000000	0.000000	0.000000
"2016-01-12 00:00"	0.000000	-0.002713	-0.005199	-0.001221	0.000000	0.000000	0.000000	0.000000	-9.07e-06	0.000000	0.000000	0.000000
"2016-01-13 00:00"	0.000000	-0.002538	-0.004693	-0.001105	0.000000	0.000000	0.000000	0.000000	-8.71e-06	0.000000	0.000000	0.000000
"2016-01-14 00:00"	0.000000	-0.001904	-0.003283	-6.46e-04	0.000000	0.000000	-9.04e-07	-6.94e-07	-1.16e-04	-5.22e-07	-5.21e-07	-4.84e-07
"2016-01-15 00:00"	0.000000	-0.002764	-0.005753	-0.001270	0.000000	0.000000	-1.09e-06	-7.02e-06	-0.003210	-5.44e-06	-5.31e-06	-5.09e-06
"2016-01-16 00:00"	0.000000	-0.002181	-0.004957	-9.81e-04	0.000000	0.000000	0.000000	0.000000	-6.30e-06	0.000000	0.000000	0.000000
"2016-01-17 00:00"	0.000000	-0.003070	-0.007142	-0.001446	0.000000	0.000000	0.000000	0.000000	-6.52e-06	0.000000	0.000000	0.000000
"2016-01-18 00:00"	0.000000	-0.001967	-0.004632	-8.74e-04	0.000000	0.000000	-7.49e-07	-4.32e-06	-9.55e-04	-3.25e-06	-3.25e-06	-3.02e-06
"2016-01-19 00:00"	0.000000	-0.002154	-0.004989	-9.29e-04	0.000000	0.000000	0.000000	0.000000	-1.06e-04	0.000000	0.000000	0.000000
"2016-01-20 00:00"	0.000000	-0.002336	-0.005473	-8.77e-04	0.000000	0.000000	0.000000	0.000000	-9.53e-05	0.000000	0.000000	0.000000
"2016-01-21 00:00"	0.000000	-0.001081	-0.002224	-2.12e-05	0.000000	0.000000	-6.93e-06	-7.43e-06	-0.003808	-5.59e-06	-5.59e-06	-5.19e-06
"2016-01-22 00:00"	0.000000	-0.001951	-0.003926	-3.34e-04	0.000000	0.000000	-2.08e-05	-2.56e-05	-0.005814	-1.93e-05	-1.97e-05	-1.84e-05
"2016-01-23 00:00"	0.000000	-0.003027	-0.006708	-0.001374	0.000000	0.000000	-7.19e-06	-8.63e-06	-0.006638	-6.49e-06	-6.44e-06	-4.75e-06
"2016-01-24 00:00"	0.000000	-0.002977	-0.006996	-0.001518	0.000000	0.000000	0.000000	0.000000	-5.01e-04	0.000000	0.000000	0.000000
"2016-01-25 00:00"	0.000000	-0.003132	-0.007229	-0.001470	0.000000	0.000000	0.000000	0.000000	-8.77e-05	0.000000	0.000000	0.000000
"2016-01-26 00:00"	0.000000	-0.001937	-0.004288	-9.10e-04	0.000000	0.000000	-1.44e-05	-7.78e-05	-0.011837	-1.38e-05	-2.25e-05	-1.10e-05
"2016-01-27 00:00"	0.000000	-0.001880	-0.004183	-6.97e-04	0.000000	0.000000	-4.69e-07	0.000000	-0.001091	0.000000	0.000000	0.000000
"2016-01-28 00:00"	0.000000	-0.002204	-0.005078	-0.001128	0.000000	0.000000	0.000000	0.000000	-4.59e-07	0.000000	0.000000	0.000000
"2016-01-29 00:00"	0.000000	-0.002073	-0.004795	-0.001186	0.000000	0.000000	0.000000	0.000000	-1.51e-06	0.000000	0.000000	0.000000
"2016-01-30 00:00"	0.000000	-0.001422	-0.003334	-7.22e-04	0.000000	0.000000	-1.83e-05	-2.12e-05	-0.003200	-1.59e-05	-1.58e-05	-6.34e-04
"2016-01-31 00:00"	0.000000	-0.001988	-0.004684	-0.001211	0.000000	0.000000	0.000000	-6.10e-07	-0.001406	-4.59e-07	-4.59e-07	-0.001152
"2016-02-01 00:00"	0.000000	-0.001976	-0.004579	-0.001009	0.000000	0.000000	0.000000	0.000000	-1.47e-05	0.000000	0.000000	0.000000
"2016-02-02 00:00"	0.000000	-0.001509	-0.003605	-7.90e-04	0.000000	0.000000	0.000000	0.000000	-4.08e-05	0.000000	0.000000	0.000000
"2016-02-03 00:00"	0.000000	-0.002507	-0.006087	-0.001580	0.000000	0.000000	0.000000	0.000000	-5.39e-05	0.000000	0.000000	-2.42e-06
"2016-02-04 00:00"	0.000000	-0.001878	-0.004219	-9.35e-04	0.000000	0.000000	-9.10e-07	-7.93e-07	-0.001303	-5.93e-07	-6.05e-07	-9.69e-04
"2016-02-05 00:00"	0.000000	-0.002571	-0.005883	-0.001356	0.000000	0.000000	0.000000	0.000000	-1.16e-04	0.000000	0.000000	-1.08e-04
"2016-02-06 00:00"	0.000000	-0.002063	-0.004688	-0.001022	0.000000	0.000000	0.000000	0.000000	-1.05e-04	0.000000	0.000000	0.000000
"2016-02-07 00:00"	0.000000	-0.001110	-0.002449	-3.98e-04	0.000000	0.000000	0.000000	0.000000	-3.05e-04	0.000000	0.000000	0.000000
"2016-02-08 00:00"	0.000000	-0.001056	-0.002176	-6.67e-05	0.000000	0.000000	0.000000	-5.58e-07	-5.05e-04	-4.16e-07	-4.26e-07	-5.78e-05
"2016-02-09 00:00"	0.000000	-2.91e-04	-5.12e-04	-6.74e-05	0.000000	0.000000	-8.22e-07	-7.14e-07	-0.001219	-5.37e-07	-5.38e-07	-3.89e-04
"2016-02-10 00:00"	0.000000	-0.001324	-0.002452	-1.28e-05	0.000000	0.000000	-2.96e-05	-2.73e-05	-0.007193	-2.05e-05	-2.05e-05	-0.005712
"2016-02-11 00:00"	0.000000	-0.002278	-0.004608	-6.61e-04	0.000000	0.000000	0.000000	0.000000	-0.004307	0.000000	0.000000	-0.003545
"2016-02-12 00:00"	0.000000	-0.001884	-0.003898	-5.10e-04	0.000000	0.000000	-3.59e-05	-1.29e-05	-0.008185	-9.72e-06	-9.72e-06	-0.006403
"2016-02-13 00:00"	0.000000	-9.80e-04	-0.002020	-1.03e-04	0.000000	0.000000	-6.78e-06	0.000000	-0.004108	0.000000	0.000000	-0.003322
"2016-02-14 00:00"	0.000000	-0.002059	-0.004820	-0.001052	0.000000	0.000000	0.000000	0.000000	-2.23e-04	0.000000	0.000000	-3.65e-05
"2016-02-15 00:00"	0.000000	-0.001831	-0.004242	-9.41e-04	0.000000	0.000000	0.000000	0.000000	-1.89e-04	0.000000	0.000000	0.000000
"2016-02-16 00:00"	0.000000	-0.001791	-0.003945	-7.73e-04	0.000000	0.000000	-1.01e-06	-6.85e-07	-0.002377	-5.13e-07	-5.17e-07	-1.80e-04
"2016-02-17 00:00"	0.000000	-7.09e-04	-0.001531	-1.14e-04	0.000000	0.000000	-6.44e-07	-7.77e-07	-7.95e-04	-5.84e-07	-5.84e-07	-5.43e-07
"2016-02-18 00:00"	0.000000	-3.70e-04	-6.58e-04	-3.33e-05	0.000000	0.000000	-1.83e-06	-1.05e-06	-0.001873	-7.90e-07	-7.89e-07	-1.10e-04
"2016-02-19 00:00"	0.000000	-0.002172	-0.004831	-8.02e-04	0.000000	0.000000	-1.04e-06	-1.05e-06	-0.001175	-7.84e-07	-7.89e-07	-8.93e-04
"2016-02-20 00:00"	0.000000	-0.002149	-0.004983	-0.001109	0.000000	0.000000	0.000000	0.000000	-2.11e-04	0.000000	0.000000	0.000000
"2016-02-21 00:00"	0.000000	-5.37e-04	-0.001147	-6.39e-05	0.000000	0.000000	0.000000	0.000000	-3.07e-04	0.000000	0.000000	0.000000
"2016-02-22 00:00"	0.000000	-0.002709	-0.006150	-0.001420	0.000000	0.000000	0.000000	0.000000	-1.66e-04	0.000000	0.000000	0.000000
"2016-02-23 00:00"	0.000000	-0.001851	-0.003775	-4.41e-04	0.000000	0.000000	-4.64e-07	-5.58e-07	-0.002828	-4.19e-07	-4.19e-07	-3.90e-07
"2016-02-24 00:00"	0.000000	-0.001882	-0.004363	-9.09e-04	0.000000	0.000000	0.000000	0.000000	-1.26e-04	0.000000	0.000000	0.000000
"2016-02-25 00:00"	0.000000	-3.37e-04	-7.89e-04	-3.20e-05	0.000000	0.000000	-8.79e-07	-7.92e-07	-0.001141	-5.98e-07	-5.92e-07	-5.58e-07
"2016-02-26 00:00"	0.000000	-0.002219	-0.005054	-8.96e-04	0.000000	0.000000	-1.21e-06	-2.05e-06	-0.001526	-1.54e-06	-1.54e-06	-1.43e-06
"2016-02-27 00:00"	0.000000	-0.002767	-0.006354	-0.001296	0.000000	0.000000	0.000000	0.000000	-5.67e-06	0.000000	0.000000	0.000000
"2016-02-28 00:00"	0.000000	-0.002499	-0.005901	-0.001305	0.000000	0.000000	0.000000	0.000000	-1.71e-04	0.000000	0.000000	0.000000
"2016-02-29 00:00"	0.000000	-0.001660	-0.003511	-4.12e-04	0.000000	0.000000	0.000000	0.000000	-1.87e-04	0.000000	0.000000	0.000000
"2016-03-01 00:00"	0.000000	-0.001240	-0.002792	-2.64e-04	0.000000	0.000000	-8.70e-07	-1.41e-06	-0.002611	-1.06e-06	-1.06e-06	-9.84e-07
"2016-03-02 00:00"	0.000000	-1.94e-04	-5.07e-04	-2.58e-06	0.000000	0.000000	0.000000	0.000000	-5.98e-04	0.000000	0.000000	0.000000
"2016-03-03 00:00"	0.000000	-0.002293	-0.005269	-8.49e-04	0.000000	0.000000	-4.02e-07	0.000000	-3.84e-04	0.000000	0.000000	0.000000
"2016-03-04 00:00"	0.000000	-0.001382	-0.002941	-3.31e-04	0.000000	0.000000	-1.52e-06	-1.65e-06	-0.003265	-1.24e-06	-1.24e-06	-1.15e-06
"2016-03-05 00:00"	0.000000	-0.001779	-0.004025	-5.91e-04	0.000000	0.000000	-1.01e-06	-1.63e-06	-0.001674	-1.23e-06	-1.23e-06	-1.14e-06
"2016-03-06 00:00"	0.000000	-0.002842	-0.006319	-0.001368	0.000000	0.000000	-1.32e-05	-1.47e-05	-0.011117	-1.11e-05	-1.11e-05	-0.003221
"2016-03-07 00:00"	0.000000	-0.002681	-0.006088	-0.001270	0.000000	0.000000	0.000000	0.000000	-1.79e-05	0.000000	0.000000	0.000000
"2016-03-08 00:00"	0.000000	-0.002334	-0.004660	-8.07e-04	0.000000	0.000000	-2.76e-06	-3.73e-06	-0.002750	-2.81e-06	-2.81e-06	-2.61e-06
"2016-03-09 00:00"	0.000000	-8.40e-04	-0.001848	-7.29e-05	0.000000	0.000000	0.000000	0.000000	-3.91e-04	0.000000	0.000000	0.000000
"2016-03-10 00:00"	0.000000	-0.001788	-0.003859	-3.84e-04	0.000000	0.000000	-3.20e-06	-3.42e-06	-0.001291	-2.57e-06	-2.57e-06	-2.39e-06
"2016-03-11 00:00"	0.000000	-0.002070	-0.004681	-0.001172	0.000000	0.000000	-7.71e-05	-0.001242	-0.013849	-6.76e-04	-8.11e-05	-0.007868
"2016-03-12 00:00"	0.000000	-0.001631	-0.003878	-5.82e-04	0.000000	0.000000	0.000000	0.000000	-2.51e-04	0.000000	0.000000	0.000000
"2016-03-13 00:00"	0.000000	-0.001085	-0.002694	-3.81e-04	0.000000	0.000000	0.000000	0.000000	-7.21e-04	0.000000	0.000000	0.000000
"2016-03-14 00:00"	0.000000	-0.001691	-0.003765	-6.33e-04	0.000000	0.000000	-2.43e-06	-2.48e-06	-0.002351	-1.86e-06	-1.86e-06	-1.73e-06
"2016-03-15 00:00"	0.000000	-0.002834	-0.006359	-0.001110	0.000000	0.000000	0.000000	0.000000	-6.41e-05	0.000000	0.000000	0.000000
"2016-03-16 00:00"	0.000000	-0.002497	-0.005938	-0.001343	0.000000	0.000000	0.000000	0.000000	-1.79e-04	0.000000	0.000000	0.000000
"2016-03-17 00:00"	0.000000	-0.001798	-0.004309	-8.90e-04	0.000000	0.000000	0.000000	0.000000	-2.55e-04	0.000000	0.000000	0.000000
"2016-03-18 00:00"	0.000000	-0.002450	-0.005604	-9.54e-04	0.000000	0.000000	-1.99e-05	-2.20e-05	-0.007934	-1.61e-05	-1.61e-05	-1.49e-05
"2016-03-19 00:00"	0.000000	-0.001280	-0.003031	-5.01e-04	0.000000	0.000000	0.000000	0.000000	-3.11e-04	0.000000	0.000000	0.000000
"2016-03-20 00:00"	0.000000	-0.002620	-0.005792	-0.001126	0.000000	0.000000	-1.07e-05	-9.83e-06	-0.005811	-7.39e-06	-7.39e-06	-6.87e-06
"2016-03-21 00:00"	0.000000	-0.001997	-0.004203	-5.15e-04	0.000000	0.000000	-1.44e-06	-1.40e-06	-0.006706	-0.002063	-1.05e-06	-0.003374
"2016-03-22 00:00"	0.000000	-1.24e-04	-6.69e-04	-2.46e-05	0.000000	0.000000	-5.82e-07	-6.51e-07	-0.001502	-3.84e-04	-4.91e-07	-6.63e-04
"2016-03-23 00:00"	0.000000	-5.62e-04	-0.001759	-3.15e-05	0.000000	0.000000	0.000000	0.000000	-4.28e-04	0.000000	0.000000	0.000000
"2016-03-24 00:00"	0.000000	-7.59e-04	-0.001854	-3.11e-05	0.000000	0.000000	0.000000	0.000000	-0.001195	0.000000	0.000000	0.000000
"2016-03-25 00:00"	0.000000	-0.001765	-0.004424	-9.44e-04	0.000000	0.000000	0.000000	0.000000	-0.002012	0.000000	0.000000	0.000000
"2016-03-26 00:00"	0.000000	-0.002345	-0.005503	-0.001269	0.000000	0.000000	0.000000	0.000000	-0.002971	0.000000	0.000000	0.000000
"2016-03-27 00:00"	0.000000	-4.00e-04	-0.001270	-6.09e-05	0.000000	0.000000	-1.11e-06	0.000000	-0.004677	0.000000	0.000000	0.000000
"2016-03-28 00:00"	0.000000	-0.002307	-0.005408	-9.76e-04	0.000000	0.000000	-8.57e-07	-1.56e-06	-0.005613	-4.78e-05	-1.17e-06	-0.001111
"2016-03-29 00:00"	0.000000	-0.002984	-0.006202	-0.001356	0.000000	0.000000	-1.34e-05	-4.33e-06	-0.006541	-0.001786	-3.26e-06	-0.002570
"2016-03-30 00:00"	0.000000	-0.003500	-0.007915	-0.001827	0.000000	0.000000	0.000000	0.000000	-0.002656	0.000000	0.000000	0.000000
"2016-03-31 00:00"	0.000000	-0.001614	-0.003427	-4.10e-04	0.000000	0.000000	0.000000	0.000000	-0.003109	0.000000	0.000000	0.000000
"2016-04-01 00:00"	0.000000	-0.003557	-0.007660	-0.001713	0.000000	0.000000	0.000000	0.000000	-0.002669	0.000000	0.000000	0.000000
"2016-04-02 00:00"	0.000000	-6.51e-04	-0.001373	-1.14e-04	0.000000	0.000000	-1.11e-06	-1.33e-06	-0.003909	-1.00e-06	-1.00e-06	-9.32e-07
"2016-04-03 00:00"	0.000000	-0.001369	-0.003234	-6.44e-06	0.000000	0.000000	-8.94e-07	-2.22e-05	-0.005392	-1.86e-05	-1.73e-05	-1.39e-05
"2016-04-04 00:00"	0.000000	-0.002438	-0.005341	-0.001030	0.000000	0.000000	-4.39e-06	-6.07e-05	-0.016921	-0.006490	-4.63e-05	-0.010992
"2016-04-05 00:00"	0.000000	-9.05e-04	-0.001985	-7.94e-05	0.000000	0.000000	0.000000	-9.13e-07	-0.005664	-0.001498	-6.91e-07	-0.002336
"2016-04-06 00:00"	0.000000	-0.001958	-0.004439	-0.001015	0.000000	0.000000	-6.53e-05	-0.002272	-0.014775	-0.007378	0.000000	-0.010009
"2016-04-07 00:00"	0.000000	-0.002458	-0.006013	-0.001423	0.000000	0.000000	0.000000	0.000000	-0.002913	0.000000	0.000000	-1.31e-04
"2016-04-08 00:00"	0.000000	-0.002872	-0.006827	-0.001534	0.000000	0.000000	0.000000	0.000000	-0.004147	0.000000	0.000000	-0.001269
"2016-04-09 00:00"	0.000000	-0.002026	-0.004852	-0.001135	0.000000	0.000000	0.000000	0.000000	-0.003266	0.000000	0.000000	-8.72e-05
"2016-04-10 00:00"	0.000000	-4.49e-04	-0.001172	-9.42e-05	0.000000	0.000000	0.000000	0.000000	-0.003858	0.000000	0.000000	-2.31e-04
"2016-04-11 00:00"	0.000000	-9.84e-04	-0.001992	-2.22e-05	0.000000	0.000000	0.000000	-5.00e-07	-0.004579	-3.76e-07	-3.76e-07	-0.001161
"2016-04-12 00:00"	0.000000	-0.001187	-0.002762	-2.05e-04	0.000000	0.000000	-2.25e-06	-1.68e-06	-0.008027	-0.002579	-1.26e-06	-0.003909
"2016-04-13 00:00"	0.000000	-0.001311	-0.002751	-3.91e-04	0.000000	0.000000	-1.25e-06	-1.50e-06	-0.008159	-0.003421	-1.12e-06	-0.004616
"2016-04-14 00:00"	0.000000	-4.29e-04	-0.001118	-2.79e-05	0.000000	0.000000	0.000000	0.000000	-0.003980	-4.08e-04	0.000000	-5.39e-04
"2016-04-15 00:00"	0.000000	-0.001783	-0.003923	-5.76e-04	0.000000	0.000000	-5.10e-06	-4.54e-06	-0.006757	-0.001960	-3.41e-06	-0.002559
"2016-04-16 00:00"	0.000000	-0.002608	-0.006416	-0.001558	0.000000	0.000000	-4.07e-07	-5.17e-07	-0.003140	-4.50e-04	-3.89e-07	-6.08e-04
"2016-04-17 00:00"	0.000000	-5.80e-04	-0.001592	-1.01e-04	0.000000	0.000000	-1.17e-06	-1.30e-06	-0.003933	-9.77e-07	-9.81e-07	-5.97e-04
"2016-04-18 00:00"	0.000000	-5.43e-04	-0.001344	-6.74e-07	0.000000	0.000000	0.000000	0.000000	-0.005726	-0.001200	0.000000	-0.002480
"2016-04-19 00:00"	0.000000	-9.69e-04	-0.002316	-2.43e-05	0.000000	0.000000	-2.48e-06	-3.56e-06	-0.006541	-0.002561	-2.68e-06	-0.003425
"2016-04-20 00:00"	0.000000	-0.002424	-0.006075	-0.001325	0.000000	0.000000	0.000000	-8.38e-07	-0.004734	-0.001598	-6.31e-07	-0.002326
"2016-04-21 00:00"	0.000000	-0.002342	-0.005494	-0.001184	0.000000	0.000000	0.000000	0.000000	-0.002902	0.000000	0.000000	-2.12e-06
"2016-04-22 00:00"	0.000000	-0.002562	-0.006061	-0.001397	0.000000	0.000000	0.000000	0.000000	-0.002606	0.000000	0.000000	-1.98e-04
"2016-04-23 00:00"	0.000000	-0.001434	-0.003350	-4.42e-04	0.000000	0.000000	-9.18e-07	-1.51e-06	-0.004872	-1.14e-06	-1.14e-06	-0.002205
"2016-04-24 00:00"	0.000000	-0.003095	-0.007202	-0.001788	0.000000	0.000000	-7.83e-06	-1.33e-04	-0.014584	-0.006344	-6.78e-05	-0.009556
"2016-04-25 00:00"	0.000000	-0.001946	-0.004637	-9.45e-04	0.000000	0.000000	0.000000	0.000000	-0.003246	-2.96e-06	0.000000	-1.36e-04
"2016-04-26 00:00"	0.000000	-0.002689	-0.006371	-0.001497	0.000000	0.000000	0.000000	0.000000	-0.002672	0.000000	0.000000	-1.21e-04
"2016-04-27 00:00"	0.000000	-0.002962	-0.006701	-0.001421	0.000000	0.000000	0.000000	0.000000	-0.002702	0.000000	0.000000	-1.13e-05
"2016-04-28 00:00"	0.000000	-0.002115	-0.005017	-0.001081	0.000000	0.000000	0.000000	0.000000	-0.002473	0.000000	0.000000	-1.73e-04
"2016-04-29 00:00"	0.000000	-0.001665	-0.003767	-6.26e-04	0.000000	0.000000	-5.29e-05	-5.39e-06	-0.012565	-0.002701	-4.06e-06	-0.007503
"2016-04-30 00:00"	0.000000	-0.001281	-0.003020	-4.42e-04	0.000000	0.000000	0.000000	0.000000	-0.004123	-9.42e-05	0.000000	-1.89e-04
"2016-05-01 00:00"	0.000000	-0.002268	-0.005380	-9.30e-04	0.000000	0.000000	0.000000	0.000000	-0.004142	-1.20e-06	0.000000	-3.35e-05
"2016-05-02 00:00"	0.000000	-0.002406	-0.005477	-9.93e-04	0.000000	0.000000	0.000000	0.000000	-0.003873	0.000000	0.000000	-1.89e-05
"2016-05-03 00:00"	0.000000	-9.03e-04	-0.001965	-1.22e-04	0.000000	0.000000	-5.36e-06	-3.75e-06	-0.007568	-0.001147	-2.82e-06	-0.003170
"2016-05-04 00:00"	0.000000	-0.002274	-0.005193	-9.86e-04	0.000000	0.000000	-1.13e-06	0.000000	-0.005371	-0.001605	0.000000	-0.002175
"2016-05-05 00:00"	0.000000	-5.82e-04	-0.001573	-9.26e-05	0.000000	0.000000	0.000000	0.000000	-0.003662	0.000000	0.000000	-2.11e-04
"2016-05-06 00:00"	0.000000	-0.001748	-0.004257	-8.31e-04	0.000000	0.000000	0.000000	0.000000	-0.003633	0.000000	0.000000	-3.34e-04
"2016-05-07 00:00"	0.000000	-0.002511	-0.005787	-0.001185	0.000000	0.000000	0.000000	0.000000	-0.002646	0.000000	0.000000	-9.92e-04
"2016-05-08 00:00"	0.000000	-0.001575	-0.003729	-6.52e-04	0.000000	0.000000	0.000000	0.000000	-0.004008	0.000000	0.000000	-0.003813
"2016-05-09 00:00"	0.000000	-6.28e-04	-0.001520	-3.03e-05	0.000000	0.000000	0.000000	0.000000	-0.003452	0.000000	0.000000	-0.003099
"2016-05-10 00:00"	0.000000	-0.001860	-0.004214	-6.80e-04	0.000000	0.000000	0.000000	0.000000	-0.002915	0.000000	0.000000	-0.002802
"2016-05-11 00:00"	0.000000	-0.001520	-0.002954	-3.20e-04	0.000000	0.000000	-1.04e-06	-1.76e-06	-0.003816	-1.32e-06	-1.32e-06	-0.003789
"2016-05-12 00:00"	0.000000	-0.001670	-0.003724	-5.74e-04	0.000000	0.000000	0.000000	0.000000	-0.002151	0.000000	0.000000	-0.002352
"2016-05-13 00:00"	0.000000	-0.001032	-0.002618	-2.78e-04	0.000000	0.000000	-6.48e-07	0.000000	-0.002609	0.000000	0.000000	-0.002598
"2016-05-14 00:00"	0.000000	-0.001732	-0.004185	-7.27e-04	0.000000	0.000000	0.000000	0.000000	-0.003232	0.000000	0.000000	-0.003193
"2016-05-15 00:00"	0.000000	-2.88e-04	-7.89e-04	-5.00e-05	0.000000	0.000000	0.000000	0.000000	-0.002316	0.000000	0.000000	-0.002763
"2016-05-16 00:00"	0.000000	-8.54e-04	-0.002015	-1.83e-05	0.000000	0.000000	-3.81e-07	0.000000	-0.002544	0.000000	0.000000	-0.002738
"2016-05-17 00:00"	0.000000	-0.001374	-0.003053	-1.45e-04	0.000000	0.000000	0.000000	0.000000	-0.003531	0.000000	0.000000	-0.003558
"2016-05-18 00:00"	0.000000	-4.69e-04	-0.001156	-1.30e-05	0.000000	0.000000	-1.29e-06	-5.10e-07	-0.003690	-3.85e-07	-3.81e-07	-0.003837
"2016-05-19 00:00"	0.000000	-0.001893	-0.004166	-6.70e-04	0.000000	0.000000	0.000000	0.000000	-0.002131	0.000000	0.000000	-0.002248
"2016-05-20 00:00"	0.000000	-0.002160	-0.005363	-0.001371	0.000000	0.000000	0.000000	0.000000	-0.001891	0.000000	0.000000	-0.001934
"2016-05-21 00:00"	0.000000	-0.001184	-0.002521	-5.29e-04	0.000000	0.000000	-5.92e-06	-4.09e-06	-0.006786	-3.07e-06	-3.08e-06	-0.005648
"2016-05-22 00:00"	0.000000	-0.001770	-0.004252	-9.58e-04	0.000000	0.000000	0.000000	0.000000	-0.001920	0.000000	0.000000	-0.002056
"2016-05-23 00:00"	0.000000	-0.001876	-0.004561	-9.05e-04	0.000000	0.000000	0.000000	0.000000	-0.002934	0.000000	0.000000	-0.002531
"2016-05-24 00:00"	0.000000	-0.002014	-0.004554	-9.84e-04	0.000000	0.000000	-4.46e-07	-2.55e-06	-0.001960	-1.92e-06	-1.92e-06	-0.001799
"2016-05-25 00:00"	0.000000	-1.41e-04	-2.85e-04	-3.21e-05	0.000000	0.000000	0.000000	0.000000	-0.001142	0.000000	0.000000	-9.62e-04
"2016-05-26 00:00"	0.000000	-9.22e-04	-0.002155	-3.26e-05	0.000000	0.000000	0.000000	0.000000	-0.001903	0.000000	0.000000	-0.001418
"2016-05-27 00:00"	0.000000	-0.002256	-0.005264	-0.001023	0.000000	0.000000	0.000000	0.000000	-0.001764	0.000000	0.000000	-0.001359
"2016-05-28 00:00"	0.000000	-0.001896	-0.004590	-0.001013	0.000000	0.000000	0.000000	0.000000	-0.001066	0.000000	0.000000	-8.29e-04
"2016-05-29 00:00"	0.000000	-5.97e-04	-0.001233	-3.60e-05	0.000000	0.000000	-5.45e-06	-3.50e-06	-0.002280	-2.63e-06	-2.64e-06	-0.001861
"2016-05-30 00:00"	0.000000	-0.001685	-0.003599	-6.85e-04	0.000000	0.000000	0.000000	0.000000	-0.004950	0.000000	0.000000	-0.004132
"2016-05-31 00:00"	0.000000	-0.001532	-0.003605	-8.27e-04	0.000000	0.000000	0.000000	0.000000	-0.001182	0.000000	0.000000	-8.29e-04
"2016-06-01 00:00"	0.000000	-0.001728	-0.003876	-9.07e-04	0.000000	0.000000	0.000000	0.000000	-0.001013	0.000000	0.000000	-7.58e-04
"2016-06-02 00:00"	0.000000	-0.002169	-0.004712	-0.001118	0.000000	0.000000	0.000000	0.000000	-4.37e-04	0.000000	0.000000	-2.96e-04
"2016-06-03 00:00"	0.000000	-9.41e-04	-0.001897	-1.49e-04	0.000000	0.000000	-4.88e-06	-5.46e-06	-0.005301	-4.10e-06	-4.10e-06	-0.004399
"2016-06-04 00:00"	0.000000	-8.55e-04	-0.001858	-5.73e-05	0.000000	0.000000	-1.05e-06	-7.39e-07	-0.004291	-5.56e-07	-5.55e-07	-0.003609
"2016-06-05 00:00"	0.000000	-0.001079	-0.002309	-1.68e-04	0.000000	0.000000	0.000000	0.000000	-0.002313	0.000000	0.000000	-0.001665
"2016-06-06 00:00"	0.000000	-0.002273	-0.005057	-0.001097	0.000000	0.000000	0.000000	0.000000	-0.001945	0.000000	0.000000	-0.001280
"2016-06-07 00:00"	0.000000	-0.001892	-0.003965	-6.48e-04	0.000000	0.000000	-7.22e-06	-8.11e-05	-0.006527	-6.09e-05	-6.12e-05	-0.005257
"2016-06-08 00:00"	0.000000	-0.001385	-0.003210	-6.22e-04	0.000000	0.000000	0.000000	0.000000	-0.002184	0.000000	0.000000	-0.001264
"2016-06-09 00:00"	0.000000	-0.001779	-0.003778	-6.79e-04	0.000000	0.000000	-4.17e-06	-1.84e-06	-0.005589	-1.39e-06	-1.38e-06	-0.004084
"2016-06-10 00:00"	0.000000	-0.001953	-0.004464	-8.39e-04	0.000000	0.000000	0.000000	0.000000	-0.002015	0.000000	0.000000	-0.001130
"2016-06-11 00:00"	0.000000	-0.001697	-0.003627	-6.19e-04	0.000000	0.000000	-2.36e-05	-2.40e-05	-0.004374	-1.80e-05	-1.80e-05	-0.003451
"2016-06-12 00:00"	0.000000	-5.93e-04	-0.001301	-3.44e-05	0.000000	0.000000	0.000000	-2.56e-06	-0.002786	-1.92e-06	-1.93e-06	-0.001740
"2016-06-13 00:00"	0.000000	-5.65e-04	-0.001044	-2.63e-06	0.000000	0.000000	-1.24e-06	-1.22e-06	-0.003627	-9.25e-07	-9.09e-07	-0.002241
"2016-06-14 00:00"	0.000000	-5.55e-05	-6.40e-05	-2.36e-06	0.000000	0.000000	-3.94e-07	0.000000	-0.003957	0.000000	0.000000	-0.002844
"2016-06-15 00:00"	0.000000	-7.18e-04	-0.001319	-2.74e-05	0.000000	0.000000	0.000000	-2.79e-05	-0.007688	-2.17e-05	-2.11e-05	-0.005837
