"2015-06-16 00:00"	0.000000	-0.002062	-0.002573	-9.61e-05	9.29e-06	2.03e-06	-0.002143	-0.006384	-0.005662	-0.006381	-0.006316	-0.003529
"2015-06-17 00:00"	0.000000	-0.001990	-0.002513	-9.07e-05	1.30e-05	2.90e-06	-0.002142	-0.006336	-0.005702	-0.006427	-0.006190	-0.003555
"2015-06-18 00:00"	0.000000	-0.001957	-0.002485	-8.81e-05	1.24e-05	2.73e-06	-0.002138	-0.006239	-0.005775	-0.006511	-0.005956	-0.003603
"2015-06-19 00:00"	0.000000	-0.001786	-0.002313	-7.85e-05	8.59e-06	1.99e-06	-0.002095	-0.006070	-0.005848	-0.006597	-0.005648	-0.003650
"2015-06-20 00:00"	0.000000	-0.001626	-0.002206	-6.58e-05	8.60e-06	2.04e-06	-0.001998	-0.005857	-0.005911	-0.006673	-0.005208	-0.003691
"2015-06-21 00:00"	0.000000	-0.001564	-0.002180	-5.61e-05	9.95e-06	2.49e-06	-0.001881	-0.005761	-0.005965	-0.006726	-0.004803	-0.003720
"2015-06-22 00:00"	0.000000	-0.001539	-0.002155	-4.98e-05	1.00e-05	2.50e-06	-0.001798	-0.005818	-0.005980	-0.006730	-0.004470	-0.003724
"2015-06-23 00:00"	0.000000	-0.001497	-0.002115	-4.65e-05	1.14e-05	2.88e-06	-0.001708	-0.005777	-0.005981	-0.006731	-0.004159	-0.003725
"2015-06-24 00:00"	0.000000	-0.001455	-0.002085	-4.76e-05	8.16e-06	2.11e-06	-0.001605	-0.005626	-0.005981	-0.006731	-0.003851	-0.003725
"2015-06-25 00:00"	0.000000	-0.001366	-0.002063	-4.79e-05	1.02e-05	2.77e-06	-0.001501	-0.005517	-0.005980	-0.006730	-0.003566	-0.003724
"2015-06-26 00:00"	0.000000	-0.001356	-0.002073	-5.04e-05	1.45e-05	4.11e-06	-0.001422	-0.005587	-0.005978	-0.006728	-0.003348	-0.003722
"2015-06-27 00:00"	0.000000	-0.001355	-0.002069	-5.26e-05	1.13e-05	3.16e-06	-0.001384	-0.005679	-0.005980	-0.006730	-0.003200	-0.003724
"2015-06-28 00:00"	0.000000	-0.001344	-0.002058	-5.39e-05	1.16e-05	3.24e-06	-0.001351	-0.005711	-0.005981	-0.006731	-0.003063	-0.003725
"2015-06-29 00:00"	0.000000	-0.001346	-0.002063	-5.53e-05	1.28e-05	3.64e-06	-0.001322	-0.005697	-0.005980	-0.006730	-0.002922	-0.003724
"2015-06-30 00:00"	0.000000	-0.001361	-0.002078	-5.73e-05	1.24e-05	3.56e-06	-0.001301	-0.005701	-0.005980	-0.006731	-0.002788	-0.003725
"2015-07-01 00:00"	0.000000	-0.001363	-0.002077	-5.82e-05	1.37e-05	3.96e-06	-0.001282	-0.005659	-0.005981	-0.006731	-0.002651	-0.003725
"2015-07-02 00:00"	0.000000	-0.001358	-0.002073	-5.88e-05	1.29e-05	3.77e-06	-0.001258	-0.005524	-0.005981	-0.006731	-0.002510	-0.003725
"2015-07-03 00:00"	0.000000	-0.001360	-0.002072	-5.95e-05	1.35e-05	4.05e-06	-0.001228	-0.005357	-0.005981	-0.006731	-0.002366	-0.003725
"2015-07-04 00:00"	0.000000	-0.001359	-0.002066	-5.99e-05	1.42e-05	4.34e-06	-0.001193	-0.005198	-0.005981	-0.006732	-0.002223	-0.003725
"2015-07-05 00:00"	0.000000	-0.001357	-0.002058	-6.02e-05	9.15e-06	2.87e-06	-0.001152	-0.005029	-0.005981	-0.006732	-0.002083	-0.003725
"2015-07-06 00:00"	0.000000	-0.001369	-0.002067	-5.91e-05	1.28e-05	4.13e-06	-0.001116	-0.004950	-0.005980	-0.006730	-0.001956	-0.003724
"2015-07-07 00:00"	0.000000	-0.001376	-0.002072	-5.99e-05	9.83e-06	3.18e-06	-0.001090	-0.004974	-0.005981	-0.006732	-0.001847	-0.003726
"2015-07-08 00:00"	0.000000	-0.001382	-0.002079	-5.94e-05	1.13e-05	3.73e-06	-0.001059	-0.004938	-0.005981	-0.006732	-0.001741	-0.003726
"2015-07-09 00:00"	0.000000	-0.001398	-0.002094	-6.02e-05	9.89e-06	3.32e-06	-0.001027	-0.004868	-0.005981	-0.006732	-0.001640	-0.003726
"2015-07-10 00:00"	0.000000	-0.001410	-0.002103	-5.97e-05	1.22e-05	4.11e-06	-9.93e-04	-0.004765	-0.005981	-0.006732	-0.001544	-0.003726
"2015-07-11 00:00"	0.000000	-0.001425	-0.002114	-6.10e-05	1.32e-05	4.64e-06	-9.61e-04	-0.004654	-0.005979	-0.006730	-0.001453	-0.003724
"2015-07-12 00:00"	0.000000	-0.001437	-0.002125	-6.17e-05	1.03e-05	3.58e-06	-9.43e-04	-0.004678	-0.005981	-0.006732	-0.001381	-0.003726
"2015-07-13 00:00"	0.000000	-0.001441	-0.002121	-6.10e-05	8.86e-06	3.13e-06	-9.28e-04	-0.004710	-0.005981	-0.006731	-0.001315	-0.003725
"2015-07-14 00:00"	0.000000	-0.001427	-0.002093	-5.75e-05	1.28e-05	4.48e-06	-9.14e-04	-0.004719	-0.005981	-0.006731	-0.001254	-0.003726
"2015-07-15 00:00"	0.000000	-0.001417	-0.002073	-5.70e-05	1.26e-05	4.43e-06	-8.99e-04	-0.004648	-0.005981	-0.006729	-0.001193	-0.003726
"2015-07-16 00:00"	0.000000	-0.001410	-0.002060	-5.76e-05	1.04e-05	3.70e-06	-8.81e-04	-0.004517	-0.005981	-0.006729	-0.001132	-0.003726
"2015-07-17 00:00"	0.000000	-0.001412	-0.002057	-5.84e-05	1.03e-05	3.77e-06	-8.62e-04	-0.004394	-0.005980	-0.006728	-0.001074	-0.003725
"2015-07-18 00:00"	0.000000	-0.001409	-0.002044	-5.78e-05	1.20e-05	4.30e-06	-8.45e-04	-0.004309	-0.005981	-0.006727	-0.001024	-0.003726
"2015-07-19 00:00"	0.000000	-0.001409	-0.002038	-5.81e-05	9.94e-06	3.65e-06	-8.28e-04	-0.004219	-0.005981	-0.006723	-9.76e-04	-0.003725
"2015-07-20 00:00"	0.000000	-0.001411	-0.002037	-5.78e-05	9.81e-06	3.56e-06	-8.11e-04	-0.004152	-0.005982	-0.006722	-9.33e-04	-0.003726
"2015-07-21 00:00"	0.000000	-0.001415	-0.002036	-5.76e-05	1.44e-05	5.27e-06	-7.93e-04	-0.004081	-0.005981	-0.006716	-8.92e-04	-0.003726
"2015-07-22 00:00"	0.000000	-0.001423	-0.002040	-5.86e-05	9.95e-06	3.64e-06	-7.75e-04	-0.004003	-0.005981	-0.006710	-8.52e-04	-0.003726
"2015-07-23 00:00"	0.000000	-0.001438	-0.002053	-5.98e-05	1.16e-05	4.34e-06	-7.57e-04	-0.003928	-0.005980	-0.006703	-8.15e-04	-0.003725
"2015-07-24 00:00"	0.000000	-0.001457	-0.002072	-6.06e-05	1.08e-05	3.98e-06	-7.41e-04	-0.003902	-0.005981	-0.006701	-7.85e-04	-0.003726
"2015-07-25 00:00"	0.000000	-0.001473	-0.002086	-6.10e-05	1.22e-05	4.57e-06	-7.29e-04	-0.003895	-0.005980	-0.006694	-7.58e-04	-0.003725
"2015-07-26 00:00"	0.000000	-0.001470	-0.002077	-6.04e-05	9.69e-06	3.56e-06	-7.30e-04	-0.003974	-0.005982	-0.006689	-7.42e-04	-0.003726
"2015-07-27 00:00"	0.000000	-0.001452	-0.002052	-5.86e-05	1.23e-05	4.46e-06	-7.33e-04	-0.004013	-0.005982	-0.006681	-7.25e-04	-0.003726
"2015-07-28 00:00"	0.000000	-0.001444	-0.002037	-5.88e-05	8.56e-06	3.13e-06	-7.34e-04	-0.003999	-0.005982	-0.006673	-7.06e-04	-0.003726
"2015-07-29 00:00"	0.000000	-0.001392	-0.001968	-5.47e-05	7.65e-06	2.78e-06	-7.32e-04	-0.003954	-0.005982	-0.006670	-6.85e-04	-0.003727
"2015-07-30 00:00"	0.000000	-0.001307	-0.001860	-4.80e-05	7.40e-06	2.67e-06	-7.28e-04	-0.003890	-0.005982	-0.006666	-6.63e-04	-0.003727
"2015-07-31 00:00"	0.000000	-0.001224	-0.001759	-4.13e-05	7.17e-06	2.56e-06	-7.21e-04	-0.003812	-0.005982	-0.006662	-6.41e-04	-0.003727
"2015-08-01 00:00"	0.000000	-0.001165	-0.001703	-3.54e-05	7.03e-06	2.49e-06	-7.12e-04	-0.003725	-0.005982	-0.006657	-6.18e-04	-0.003727
"2015-08-02 00:00"	0.000000	-0.001138	-0.001706	-3.06e-05	7.42e-06	2.61e-06	-7.01e-04	-0.003632	-0.005982	-0.006651	-5.94e-04	-0.003727
"2015-08-03 00:00"	0.000000	-0.001161	-0.001742	-2.69e-05	7.24e-06	2.53e-06	-6.87e-04	-0.003536	-0.005982	-0.006644	-5.70e-04	-0.003727
"2015-08-04 00:00"	0.000000	-0.001197	-0.001777	-2.40e-05	7.67e-06	2.66e-06	-6.72e-04	-0.003439	-0.005982	-0.006636	-5.46e-04	-0.003727
"2015-08-05 00:00"	0.000000	-0.001229	-0.001811	-2.19e-05	9.63e-06	3.32e-06	-6.55e-04	-0.003343	-0.005982	-0.006627	-5.22e-04	-0.003727
"2015-08-06 00:00"	0.000000	-0.001234	-0.001843	-2.11e-05	8.21e-06	2.81e-06	-6.37e-04	-0.003251	-0.005982	-0.006617	-4.99e-04	-0.003727
"2015-08-07 00:00"	0.000000	-0.001196	-0.001872	-2.11e-05	9.31e-06	3.17e-06	-6.18e-04	-0.003163	-0.005982	-0.006605	-4.76e-04	-0.003727
"2015-08-08 00:00"	0.000000	-0.001181	-0.001895	-2.24e-05	1.07e-05	3.63e-06	-5.99e-04	-0.003078	-0.005982	-0.006591	-4.53e-04	-0.003727
"2015-08-09 00:00"	0.000000	-0.001182	-0.001913	-2.64e-05	1.07e-05	3.62e-06	-5.80e-04	-0.002998	-0.005982	-0.006576	-4.31e-04	-0.003727
"2015-08-10 00:00"	0.000000	-0.001185	-0.001924	-3.08e-05	1.15e-05	3.89e-06	-5.62e-04	-0.002922	-0.005982	-0.006560	-4.09e-04	-0.003727
"2015-08-11 00:00"	0.000000	-0.001192	-0.001931	-3.48e-05	1.18e-05	3.96e-06	-5.44e-04	-0.002851	-0.005982	-0.006542	-3.88e-04	-0.003727
"2015-08-12 00:00"	0.000000	-0.001197	-0.001931	-3.83e-05	8.08e-06	2.72e-06	-5.28e-04	-0.002784	-0.005982	-0.006524	-3.67e-04	-0.003727
"2015-08-13 00:00"	0.000000	-0.001180	-0.001915	-3.99e-05	7.68e-06	2.58e-06	-5.14e-04	-0.002720	-0.005982	-0.006505	-3.46e-04	-0.003727
"2015-08-14 00:00"	0.000000	-0.001145	-0.001866	-3.96e-05	9.44e-06	3.17e-06	-5.00e-04	-0.002659	-0.005982	-0.006484	-3.26e-04	-0.003727
"2015-08-15 00:00"	0.000000	-0.001151	-0.001863	-4.07e-05	7.66e-06	2.57e-06	-4.88e-04	-0.002602	-0.005982	-0.006463	-3.07e-04	-0.003727
"2015-08-16 00:00"	0.000000	-0.001162	-0.001862	-4.08e-05	9.17e-06	3.08e-06	-4.77e-04	-0.002548	-0.005982	-0.006442	-2.88e-04	-0.003727
"2015-08-17 00:00"	0.000000	-0.001175	-0.001863	-4.07e-05	7.67e-06	2.58e-06	-4.67e-04	-0.002496	-0.005982	-0.006420	-2.70e-04	-0.003727
"2015-08-18 00:00"	0.000000	-0.001173	-0.001841	-3.95e-05	7.87e-06	2.65e-06	-4.57e-04	-0.002446	-0.005982	-0.006398	-2.52e-04	-0.003727
"2015-08-19 00:00"	0.000000	-0.001180	-0.001834	-3.76e-05	1.21e-05	4.07e-06	-4.48e-04	-0.002397	-0.005982	-0.006358	-2.35e-04	-0.003727
"2015-08-20 00:00"	0.000000	-0.001201	-0.001839	-3.93e-05	9.13e-06	3.09e-06	-4.40e-04	-0.002349	-0.005982	-0.006101	-2.19e-04	-0.003727
"2015-08-21 00:00"	0.000000	-0.001216	-0.001827	-4.18e-05	9.65e-06	3.26e-06	-4.32e-04	-0.002303	-0.005982	-0.005735	-2.03e-04	-0.003727
"2015-08-22 00:00"	0.000000	-0.001229	-0.001809	-4.40e-05	9.47e-06	3.23e-06	-4.23e-04	-0.002258	-0.005982	-0.005394	-1.88e-04	-0.003727
"2015-08-23 00:00"	0.000000	-0.001242	-0.001788	-4.58e-05	1.19e-05	4.05e-06	-4.15e-04	-0.002213	-0.005982	-0.005090	-1.73e-04	-0.003727
"2015-08-24 00:00"	0.000000	-0.001257	-0.001769	-4.76e-05	9.39e-06	3.21e-06	-4.07e-04	-0.002169	-0.005982	-0.004822	-1.59e-04	-0.003727
"2015-08-25 00:00"	0.000000	-0.001263	-0.001745	-4.87e-05	7.68e-06	2.64e-06	-4.00e-04	-0.002125	-0.005982	-0.004587	-1.45e-04	-0.003727
"2015-08-26 00:00"	0.000000	-0.001233	-0.001655	-4.66e-05	7.46e-06	2.57e-06	-3.92e-04	-0.002082	-0.005983	-0.004380	-1.32e-04	-0.003727
"2015-08-27 00:00"	0.000000	-0.001198	-0.001542	-4.27e-05	7.70e-06	2.66e-06	-3.84e-04	-0.002039	-0.005983	-0.004198	-1.19e-04	-0.003728
"2015-08-28 00:00"	0.000000	-0.001212	-0.001496	-3.94e-05	8.95e-06	3.11e-06	-3.77e-04	-0.001996	-0.005982	-0.004036	-1.07e-04	-0.003727
"2015-08-29 00:00"	0.000000	-0.001232	-0.001496	-3.75e-05	7.20e-06	2.51e-06	-3.70e-04	-0.001954	-0.005983	-0.003893	-9.53e-05	-0.003728
"2015-08-30 00:00"	0.000000	-0.001238	-0.001454	-3.54e-05	7.14e-06	2.50e-06	-3.63e-04	-0.001912	-0.005983	-0.003765	-8.41e-05	-0.003728
"2015-08-31 00:00"	0.000000	-0.001223	-0.001376	-3.30e-05	6.99e-06	2.45e-06	-3.56e-04	-0.001870	-0.005983	-0.003652	-7.33e-05	-0.003728
"2015-09-01 00:00"	0.000000	-0.001195	-0.001278	-3.05e-05	6.88e-06	2.42e-06	-3.50e-04	-0.001828	-0.005983	-0.003551	-6.29e-05	-0.003728
"2015-09-02 00:00"	0.000000	-0.001203	-0.001210	-2.86e-05	9.96e-06	3.55e-06	-3.45e-04	-0.001792	-0.005981	-0.003474	-5.41e-05	-0.003727
"2015-09-03 00:00"	0.000000	-0.001233	-0.001231	-2.94e-05	1.20e-05	4.28e-06	-3.43e-04	-0.001772	-0.005982	-0.003450	-4.96e-05	-0.003727
"2015-09-04 00:00"	0.000000	-0.001246	-0.001263	-3.31e-05	9.31e-06	3.33e-06	-3.45e-04	-0.001757	-0.005982	-0.003444	-4.68e-05	-0.003728
"2015-09-05 00:00"	0.000000	-0.001241	-0.001291	-3.67e-05	7.47e-06	2.68e-06	-3.48e-04	-0.001743	-0.005982	-0.003442	-4.46e-05	-0.003727
"2015-09-06 00:00"	0.000000	-0.001214	-0.001306	-3.92e-05	8.66e-06	3.10e-06	-3.53e-04	-0.001730	-0.005982	-0.003450	-4.34e-05	-0.003728
"2015-09-07 00:00"	0.000000	-0.001200	-0.001328	-4.16e-05	1.17e-05	4.24e-06	-3.59e-04	-0.001716	-0.005982	-0.003454	-4.25e-05	-0.003727
"2015-09-08 00:00"	0.000000	-0.001215	-0.001370	-4.50e-05	1.48e-05	5.35e-06	-3.67e-04	-0.001704	-0.005981	-0.003472	-4.28e-05	-0.003727
"2015-09-09 00:00"	0.000000	-0.001224	-0.001405	-4.81e-05	1.21e-05	4.38e-06	-3.78e-04	-0.001701	-0.005982	-0.003518	-4.59e-05	-0.003728
"2015-09-10 00:00"	0.000000	-0.001216	-0.001432	-4.99e-05	1.01e-05	3.69e-06	-3.89e-04	-0.001694	-0.005982	-0.003551	-4.87e-05	-0.003727
"2015-09-11 00:00"	0.000000	-0.001197	-0.001452	-5.08e-05	9.63e-06	3.55e-06	-3.99e-04	-0.001684	-0.005981	-0.003572	-5.11e-05	-0.003727
"2015-09-12 00:00"	0.000000	-0.001176	-0.001469	-5.11e-05	6.94e-06	2.56e-06	-4.08e-04	-0.001669	-0.005981	-0.003576	-5.29e-05	-0.003726
"2015-09-13 00:00"	0.000000	-0.001116	-0.001464	-4.83e-05	6.98e-06	2.58e-06	-4.15e-04	-0.001650	-0.005982	-0.003567	-5.42e-05	-0.003727
"2015-09-14 00:00"	0.000000	-0.001044	-0.001461	-4.41e-05	1.19e-05	4.42e-06	-4.20e-04	-0.001628	-0.005980	-0.003545	-5.48e-05	-0.003726
"2015-09-15 00:00"	0.000000	-0.001036	-0.001477	-4.47e-05	1.19e-05	4.46e-06	-4.24e-04	-0.001601	-0.005978	-0.003511	-5.47e-05	-0.003724
"2015-09-16 00:00"	0.000000	-0.001041	-0.001495	-4.68e-05	1.35e-05	5.11e-06	-4.25e-04	-0.001572	-0.005974	-0.003466	-5.38e-05	-0.003721
"2015-09-17 00:00"	0.000000	-0.001055	-0.001522	-4.93e-05	1.32e-05	5.05e-06	-4.23e-04	-0.001539	-0.005969	-0.003411	-5.22e-05	-0.003718
"2015-09-18 00:00"	0.000000	-0.001071	-0.001549	-5.18e-05	1.34e-05	5.14e-06	-4.21e-04	-0.001508	-0.005967	-0.003363	-5.12e-05	-0.003717
"2015-09-19 00:00"	0.000000	-0.001093	-0.001579	-5.43e-05	1.47e-05	5.68e-06	-4.18e-04	-0.001478	-0.005962	-0.003317	-5.06e-05	-0.003713
"2015-09-20 00:00"	0.000000	-0.001115	-0.001612	-5.67e-05	1.31e-05	5.12e-06	-4.14e-04	-0.001452	-0.005959	-0.003286	-5.15e-05	-0.003712
"2015-09-21 00:00"	0.000000	-0.001131	-0.001643	-5.81e-05	1.32e-05	5.20e-06	-4.10e-04	-0.001423	-0.005954	-0.003246	-5.18e-05	-0.003709
"2015-09-22 00:00"	0.000000	-0.001146	-0.001670	-5.94e-05	9.21e-06	3.63e-06	-4.04e-04	-0.001394	-0.005949	-0.003202	-5.17e-05	-0.003706
"2015-09-23 00:00"	0.000000	-0.001151	-0.001688	-5.83e-05	1.22e-05	4.82e-06	-3.99e-04	-0.001370	-0.005944	-0.003173	-5.33e-05	-0.003704
"2015-09-24 00:00"	0.000000	-0.001167	-0.001712	-5.95e-05	1.38e-05	5.48e-06	-3.96e-04	-0.001350	-0.005936	-0.003152	-5.61e-05	-0.003699
"2015-09-25 00:00"	0.000000	-0.001178	-0.001731	-6.06e-05	1.19e-05	4.73e-06	-3.97e-04	-0.001346	-0.005934	-0.003184	-6.56e-05	-0.003699
"2015-09-26 00:00"	0.000000	-0.001189	-0.001752	-6.12e-05	1.30e-05	5.24e-06	-3.99e-04	-0.001346	-0.005929	-0.003222	-7.66e-05	-0.003695
"2015-09-27 00:00"	0.000000	-0.001211	-0.001779	-6.28e-05	1.45e-05	5.83e-06	-4.05e-04	-0.001357	-0.005924	-0.003293	-9.19e-05	-0.003692
"2015-09-28 00:00"	0.000000	-0.001223	-0.001801	-6.37e-05	1.27e-05	5.06e-06	-4.16e-04	-0.001378	-0.005922	-0.003391	-1.11e-04	-0.003690
"2015-09-29 00:00"	0.000000	-0.001229	-0.001823	-6.35e-05	1.25e-05	4.98e-06	-4.26e-04	-0.001398	-0.005919	-0.003467	-1.30e-04	-0.003687
"2015-09-30 00:00"	0.000000	-0.001231	-0.001834	-6.30e-05	1.43e-05	5.66e-06	-4.35e-04	-0.001417	-0.005917	-0.003525	-1.48e-04	-0.003685
"2015-10-01 00:00"	0.000000	-0.001231	-0.001845	-6.27e-05	1.33e-05	5.26e-06	-4.42e-04	-0.001434	-0.005915	-0.003555	-1.64e-04	-0.003682
"2015-10-02 00:00"	0.000000	-0.001247	-0.001868	-6.34e-05	1.28e-05	5.07e-06	-4.48e-04	-0.001449	-0.005913	-0.003562	-1.79e-04	-0.003679
"2015-10-03 00:00"	0.000000	-0.001263	-0.001893	-6.39e-05	9.84e-06	3.86e-06	-4.52e-04	-0.001463	-0.005913	-0.003553	-1.93e-04	-0.003677
"2015-10-04 00:00"	0.000000	-0.001276	-0.001917	-6.37e-05	1.06e-05	4.14e-06	-4.55e-04	-0.001475	-0.005911	-0.003531	-2.05e-04	-0.003675
"2015-10-05 00:00"	0.000000	-0.001291	-0.001939	-6.45e-05	9.76e-06	3.78e-06	-4.57e-04	-0.001493	-0.005911	-0.003515	-2.18e-04	-0.003673
"2015-10-06 00:00"	0.000000	-0.001275	-0.001946	-6.17e-05	1.18e-05	4.48e-06	-4.61e-04	-0.001525	-0.005912	-0.003531	-2.35e-04	-0.003672
"2015-10-07 00:00"	0.000000	-0.001275	-0.001963	-6.07e-05	8.51e-06	3.18e-06	-4.64e-04	-0.001561	-0.005912	-0.003546	-2.53e-04	-0.003671
"2015-10-08 00:00"	0.000000	-0.001266	-0.001964	-5.75e-05	1.10e-05	4.03e-06	-4.65e-04	-0.001600	-0.005913	-0.003553	-2.70e-04	-0.003670
"2015-10-09 00:00"	0.000000	-0.001266	-0.001964	-5.70e-05	1.27e-05	4.55e-06	-4.65e-04	-0.001639	-0.005913	-0.003546	-2.86e-04	-0.003668
"2015-10-10 00:00"	0.000000	-0.001270	-0.001970	-5.79e-05	1.36e-05	4.78e-06	-4.64e-04	-0.001678	-0.005911	-0.003526	-2.99e-04	-0.003666
"2015-10-11 00:00"	0.000000	-0.001281	-0.001982	-5.90e-05	1.18e-05	4.06e-06	-4.63e-04	-0.001717	-0.005909	-0.003495	-3.10e-04	-0.003663
"2015-10-12 00:00"	0.000000	-0.001287	-0.001989	-5.91e-05	1.27e-05	4.29e-06	-4.63e-04	-0.001758	-0.005908	-0.003461	-3.21e-04	-0.003662
"2015-10-13 00:00"	0.000000	-0.001302	-0.002003	-5.99e-05	1.39e-05	4.61e-06	-4.64e-04	-0.001802	-0.005905	-0.003424	-3.30e-04	-0.003659
"2015-10-14 00:00"	0.000000	-0.001323	-0.002023	-6.12e-05	1.29e-05	4.23e-06	-4.66e-04	-0.001851	-0.005902	-0.003387	-3.38e-04	-0.003656
"2015-10-15 00:00"	0.000000	-0.001339	-0.002041	-6.22e-05	1.60e-05	5.23e-06	-4.75e-04	-0.001934	-0.005900	-0.003404	-3.54e-04	-0.003654
"2015-10-16 00:00"	0.000000	-0.001358	-0.002060	-6.42e-05	1.44e-05	4.65e-06	-4.95e-04	-0.002079	-0.005897	-0.003506	-3.80e-04	-0.003651
"2015-10-17 00:00"	0.000000	-0.001375	-0.002078	-6.50e-05	9.38e-06	2.96e-06	-5.24e-04	-0.002289	-0.005899	-0.003672	-4.13e-04	-0.003650
"2015-10-18 00:00"	0.000000	-0.001361	-0.002068	-6.13e-05	1.01e-05	3.12e-06	-5.56e-04	-0.002544	-0.005903	-0.003823	-4.45e-04	-0.003650
"2015-10-19 00:00"	0.000000	-0.001355	-0.002065	-5.92e-05	8.37e-06	2.61e-06	-5.89e-04	-0.002827	-0.005906	-0.003935	-4.74e-04	-0.003648
"2015-10-20 00:00"	0.000000	-0.001341	-0.002058	-5.61e-05	1.29e-05	3.97e-06	-6.23e-04	-0.003118	-0.005911	-0.004022	-5.01e-04	-0.003648
"2015-10-21 00:00"	0.000000	-0.001346	-0.002063	-5.65e-05	1.31e-05	4.05e-06	-6.56e-04	-0.003349	-0.005916	-0.004068	-5.24e-04	-0.003646
"2015-10-22 00:00"	0.000000	-0.001363	-0.002077	-5.80e-05	1.58e-05	4.91e-06	-6.87e-04	-0.003544	-0.005923	-0.004094	-5.45e-04	-0.003645
"2015-10-23 00:00"	0.000000	-0.001373	-0.002080	-5.96e-05	1.01e-05	3.19e-06	-7.15e-04	-0.003668	-0.005930	-0.004089	-5.61e-04	-0.003643
"2015-10-24 00:00"	0.000000	-0.001366	-0.002064	-5.88e-05	1.24e-05	3.93e-06	-7.36e-04	-0.003736	-0.005939	-0.004059	-5.73e-04	-0.003642
"2015-10-25 00:00"	0.000000	-0.001377	-0.002072	-5.94e-05	1.43e-05	4.61e-06	-7.53e-04	-0.003759	-0.005947	-0.004013	-5.82e-04	-0.003641
"2015-10-26 00:00"	0.000000	-0.001396	-0.002088	-6.12e-05	1.19e-05	3.91e-06	-7.63e-04	-0.003741	-0.005956	-0.003952	-5.87e-04	-0.003640
"2015-10-27 00:00"	0.000000	-0.001407	-0.002096	-6.17e-05	1.53e-05	5.07e-06	-7.68e-04	-0.003692	-0.005963	-0.003882	-5.88e-04	-0.003638
"2015-10-28 00:00"	0.000000	-0.001420	-0.002104	-6.28e-05	1.29e-05	4.35e-06	-7.66e-04	-0.003616	-0.005969	-0.003802	-5.86e-04	-0.003634
"2015-10-29 00:00"	0.000000	-0.001421	-0.002095	-6.30e-05	1.29e-05	4.40e-06	-7.60e-04	-0.003523	-0.005978	-0.003718	-5.80e-04	-0.003633
"2015-10-30 00:00"	0.000000	-0.001428	-0.002095	-6.34e-05	1.38e-05	4.78e-06	-7.49e-04	-0.003419	-0.005981	-0.003633	-5.72e-04	-0.003629
"2015-10-31 00:00"	0.000000	-0.001432	-0.002094	-6.36e-05	1.50e-05	5.22e-06	-7.34e-04	-0.003309	-0.005980	-0.003549	-5.61e-04	-0.003626
"2015-11-01 00:00"	0.000000	-0.001439	-0.002101	-6.41e-05	1.17e-05	4.14e-06	-7.16e-04	-0.003194	-0.005980	-0.003463	-5.48e-04	-0.003621
"2015-11-02 00:00"	0.000000	-0.001436	-0.002096	-6.31e-05	1.17e-05	4.17e-06	-6.95e-04	-0.003076	-0.005980	-0.003374	-5.32e-04	-0.003616
"2015-11-03 00:00"	0.000000	-0.001436	-0.002088	-6.25e-05	1.20e-05	4.31e-06	-6.72e-04	-0.002960	-0.005981	-0.003288	-5.14e-04	-0.003612
"2015-11-04 00:00"	0.000000	-0.001431	-0.002072	-6.20e-05	1.39e-05	5.01e-06	-6.48e-04	-0.002847	-0.005980	-0.003205	-4.95e-04	-0.003608
"2015-11-05 00:00"	0.000000	-0.001438	-0.002074	-6.24e-05	1.33e-05	4.85e-06	-6.24e-04	-0.002738	-0.005980	-0.003124	-4.74e-04	-0.003602
"2015-11-06 00:00"	0.000000	-0.001455	-0.002089	-6.36e-05	1.14e-05	4.20e-06	-5.99e-04	-0.002634	-0.005981	-0.003047	-4.52e-04	-0.003598
"2015-11-07 00:00"	0.000000	-0.001449	-0.002072	-6.28e-05	1.21e-05	4.46e-06	-5.74e-04	-0.002535	-0.005980	-0.002974	-4.30e-04	-0.003592
"2015-11-08 00:00"	0.000000	-0.001459	-0.002077	-6.36e-05	1.55e-05	5.86e-06	-5.53e-04	-0.002459	-0.005978	-0.002930	-4.12e-04	-0.003586
"2015-11-09 00:00"	0.000000	-0.001470	-0.002084	-6.46e-05	8.02e-06	3.01e-06	-5.39e-04	-0.002425	-0.005982	-0.002943	-4.02e-04	-0.003584
"2015-11-10 00:00"	0.000000	-0.001474	-0.002082	-6.04e-05	1.30e-05	4.89e-06	-5.26e-04	-0.002393	-0.005981	-0.002959	-3.92e-04	-0.003580
"2015-11-11 00:00"	0.000000	-0.001484	-0.002088	-6.00e-05	1.21e-05	4.57e-06	-5.15e-04	-0.002362	-0.005981	-0.002972	-3.82e-04	-0.003575
"2015-11-12 00:00"	0.000000	-0.001485	-0.002078	-6.07e-05	1.15e-05	4.30e-06	-5.07e-04	-0.002338	-0.005982	-0.002992	-3.72e-04	-0.003571
"2015-11-13 00:00"	0.000000	-0.001479	-0.002059	-6.09e-05	1.05e-05	3.96e-06	-4.99e-04	-0.002314	-0.005982	-0.003009	-3.62e-04	-0.003566
"2015-11-14 00:00"	0.000000	-0.001477	-0.002048	-6.06e-05	1.36e-05	5.10e-06	-4.92e-04	-0.002293	-0.005981	-0.003026	-3.52e-04	-0.003561
"2015-11-15 00:00"	0.000000	-0.001479	-0.002042	-6.13e-05	1.34e-05	5.00e-06	-4.85e-04	-0.002269	-0.005981	-0.003036	-3.40e-04	-0.003554
"2015-11-16 00:00"	0.000000	-0.001490	-0.002048	-6.25e-05	1.41e-05	5.27e-06	-4.77e-04	-0.002245	-0.005980	-0.003039	-3.28e-04	-0.003547
"2015-11-17 00:00"	0.000000	-0.001502	-0.002058	-6.36e-05	1.38e-05	5.17e-06	-4.70e-04	-0.002223	-0.005980	-0.003045	-3.16e-04	-0.003541
"2015-11-18 00:00"	0.000000	-0.001516	-0.002071	-6.52e-05	1.07e-05	4.07e-06	-4.64e-04	-0.002203	-0.005981	-0.003052	-3.05e-04	-0.003533
"2015-11-19 00:00"	0.000000	-0.001507	-0.002047	-6.35e-05	1.41e-05	5.28e-06	-4.60e-04	-0.002196	-0.005980	-0.003083	-2.96e-04	-0.003526
"2015-11-20 00:00"	0.000000	-0.001508	-0.002036	-6.32e-05	1.49e-05	5.65e-06	-4.55e-04	-0.002187	-0.005979	-0.003106	-2.87e-04	-0.003430
"2015-11-21 00:00"	0.000000	-0.001511	-0.002026	-6.36e-05	1.40e-05	5.31e-06	-4.48e-04	-0.002171	-0.005980	-0.003116	-2.76e-04	-0.003273
"2015-11-22 00:00"	0.000000	-0.001505	-0.002005	-6.35e-05	1.36e-05	5.14e-06	-4.41e-04	-0.002150	-0.005980	-0.003117	-2.64e-04	-0.003117
"2015-11-23 00:00"	0.000000	-0.001512	-0.002005	-6.44e-05	1.13e-05	4.31e-06	-4.33e-04	-0.002123	-0.005980	-0.003107	-2.52e-04	-0.002968
"2015-11-24 00:00"	0.000000	-0.001501	-0.001977	-6.33e-05	8.55e-06	3.22e-06	-4.24e-04	-0.002092	-0.005982	-0.003090	-2.38e-04	-0.002836
"2015-11-25 00:00"	0.000000	-0.001497	-0.001957	-6.02e-05	1.22e-05	4.61e-06	-4.14e-04	-0.002058	-0.005981	-0.003070	-2.25e-04	-0.002720
"2015-11-26 00:00"	0.000000	-0.001491	-0.001935	-5.98e-05	1.24e-05	4.61e-06	-4.04e-04	-0.002020	-0.005981	-0.003045	-2.10e-04	-0.002616
"2015-11-27 00:00"	0.000000	-0.001496	-0.001930	-6.06e-05	1.34e-05	4.99e-06	-3.94e-04	-0.001980	-0.005981	-0.003018	-1.96e-04	-0.002521
"2015-11-28 00:00"	0.000000	-0.001505	-0.001934	-6.16e-05	1.54e-05	5.74e-06	-3.83e-04	-0.001936	-0.005979	-0.002986	-1.81e-04	-0.002433
"2015-11-29 00:00"	0.000000	-0.001517	-0.001946	-6.29e-05	1.06e-05	3.97e-06	-3.72e-04	-0.001889	-0.005976	-0.002949	-1.66e-04	-0.002349
"2015-11-30 00:00"	0.000000	-0.001515	-0.001938	-6.26e-05	1.36e-05	5.05e-06	-3.63e-04	-0.001848	-0.005977	-0.002927	-1.52e-04	-0.002289
"2015-12-01 00:00"	0.000000	-0.001505	-0.001920	-6.27e-05	1.05e-05	3.88e-06	-3.56e-04	-0.001809	-0.005976	-0.002908	-1.39e-04	-0.002238
"2015-12-02 00:00"	0.000000	-0.001498	-0.001908	-6.23e-05	1.20e-05	4.41e-06	-3.50e-04	-0.001768	-0.005974	-0.002888	-1.26e-04	-0.002189
"2015-12-03 00:00"	0.000000	-0.001515	-0.001926	-6.42e-05	1.34e-05	5.03e-06	-3.50e-04	-0.001749	-0.005977	-0.002918	-1.19e-04	-0.002196
"2015-12-04 00:00"	0.000000	-0.001511	-0.001919	-6.44e-05	1.42e-05	5.19e-06	-3.54e-04	-0.001744	-0.005979	-0.002981	-1.15e-04	-0.002236
"2015-12-05 00:00"	0.000000	-0.001505	-0.001908	-6.41e-05	1.44e-05	5.27e-06	-3.59e-04	-0.001733	-0.005977	-0.003030	-1.11e-04	-0.002258
"2015-12-06 00:00"	0.000000	-0.001510	-0.001912	-6.47e-05	1.20e-05	4.37e-06	-3.63e-04	-0.001717	-0.005975	-0.003059	-1.05e-04	-0.002258
"2015-12-07 00:00"	0.000000	-0.001524	-0.001928	-6.50e-05	1.54e-05	5.60e-06	-3.67e-04	-0.001697	-0.005976	-0.003077	-9.83e-05	-0.002246
"2015-12-08 00:00"	0.000000	-0.001526	-0.001930	-6.53e-05	1.30e-05	4.73e-06	-3.70e-04	-0.001674	-0.005974	-0.003081	-9.08e-05	-0.002220
"2015-12-09 00:00"	0.000000	-0.001526	-0.001929	-6.54e-05	1.17e-05	4.24e-06	-3.71e-04	-0.001648	-0.005975	-0.003075	-8.26e-05	-0.002187
"2015-12-10 00:00"	0.000000	-0.001514	-0.001913	-6.43e-05	1.14e-05	4.08e-06	-3.73e-04	-0.001622	-0.005976	-0.003068	-7.45e-05	-0.002154
"2015-12-11 00:00"	0.000000	-0.001519	-0.001917	-6.47e-05	1.35e-05	4.84e-06	-3.75e-04	-0.001601	-0.005977	-0.003069	-6.74e-05	-0.002129
"2015-12-12 00:00"	0.000000	-0.001514	-0.001909	-6.50e-05	1.15e-05	4.12e-06	-3.78e-04	-0.001584	-0.005978	-0.003079	-6.15e-05	-0.002112
"2015-12-13 00:00"	0.000000	-0.001501	-0.001890	-6.42e-05	1.18e-05	4.21e-06	-3.80e-04	-0.001567	-0.005979	-0.003082	-5.52e-05	-0.002090
"2015-12-14 00:00"	0.000000	-0.001490	-0.001873	-6.35e-05	1.29e-05	4.58e-06	-3.81e-04	-0.001549	-0.005977	-0.003077	-4.85e-05	-0.002062
"2015-12-15 00:00"	0.000000	-0.001497	-0.001880	-6.43e-05	1.53e-05	5.41e-06	-3.83e-04	-0.001535	-0.005973	-0.003075	-4.25e-05	-0.002037
"2015-12-16 00:00"	0.000000	-0.001504	-0.001888	-6.56e-05	1.19e-05	4.24e-06	-3.88e-04	-0.001530	-0.005973	-0.003094	-3.89e-05	-0.002030
"2015-12-17 00:00"	0.000000	-0.001507	-0.001891	-6.57e-05	1.18e-05	4.19e-06	-3.96e-04	-0.001536	-0.005976	-0.003135	-3.77e-05	-0.002038
"2015-12-18 00:00"	0.000000	-0.001504	-0.001886	-6.52e-05	1.20e-05	4.23e-06	-4.05e-04	-0.001545	-0.005977	-0.003173	-3.68e-05	-0.002044
"2015-12-19 00:00"	0.000000	-0.001504	-0.001886	-6.47e-05	1.00e-05	3.52e-06	-4.15e-04	-0.001554	-0.005977	-0.003199	-3.55e-05	-0.002043
"2015-12-20 00:00"	0.000000	-0.001499	-0.001878	-6.36e-05	1.19e-05	4.14e-06	-4.25e-04	-0.001565	-0.005978	-0.003221	-3.43e-05	-0.002040
"2015-12-21 00:00"	0.000000	-0.001493	-0.001868	-6.33e-05	1.17e-05	4.07e-06	-4.36e-04	-0.001579	-0.005978	-0.003237	-3.32e-05	-0.002033
"2015-12-22 00:00"	0.000000	-0.001493	-0.001865	-6.33e-05	1.33e-05	4.60e-06	-4.47e-04	-0.001594	-0.005977	-0.003243	-3.18e-05	-0.002021
"2015-12-23 00:00"	0.000000	-0.001505	-0.001880	-6.42e-05	1.33e-05	4.62e-06	-4.56e-04	-0.001609	-0.005974	-0.003237	-2.97e-05	-0.002002
"2015-12-24 00:00"	0.000000	-0.001508	-0.001885	-6.40e-05	7.94e-06	2.74e-06	-4.64e-04	-0.001625	-0.005971	-0.003220	-2.71e-05	-0.001978
"2015-12-25 00:00"	0.000000	-0.001503	-0.001877	-6.00e-05	9.38e-06	3.22e-06	-4.72e-04	-0.001645	-0.005970	-0.003205	-2.52e-05	-0.001957
"2015-12-26 00:00"	0.000000	-0.001508	-0.001878	-5.68e-05	1.10e-05	3.80e-06	-4.81e-04	-0.001674	-0.005969	-0.003200	-2.46e-05	-0.001944
"2015-12-27 00:00"	0.000000	-0.001508	-0.001872	-5.70e-05	8.02e-06	2.74e-06	-4.90e-04	-0.001707	-0.005967	-0.003192	-2.43e-05	-0.001930
"2015-12-28 00:00"	0.000000	-0.001487	-0.001833	-5.50e-05	1.06e-05	3.60e-06	-4.99e-04	-0.001748	-0.005966	-0.003188	-2.50e-05	-0.001922
"2015-12-29 00:00"	0.000000	-0.001495	-0.001834	-5.55e-05	1.41e-05	4.82e-06	-5.09e-04	-0.001798	-0.005962	-0.003191	-2.70e-05	-0.001919
"2015-12-30 00:00"	0.000000	-0.001501	-0.001839	-5.77e-05	1.08e-05	3.69e-06	-5.21e-04	-0.001858	-0.005959	-0.003199	-3.00e-05	-0.001920
"2015-12-31 00:00"	0.000000	-0.001502	-0.001840	-5.90e-05	1.11e-05	3.74e-06	-5.32e-04	-0.001920	-0.005955	-0.003197	-3.28e-05	-0.001917
"2016-01-01 00:00"	0.000000	-0.001514	-0.001855	-6.07e-05	1.64e-05	5.61e-06	-5.47e-04	-0.001999	-0.005950	-0.003210	-3.79e-05	-0.001925
"2016-01-02 00:00"	0.000000	-0.001521	-0.001867	-6.23e-05	1.61e-05	5.47e-06	-5.67e-04	-0.002103	-0.005947	-0.003243	-4.57e-05	-0.001948
"2016-01-03 00:00"	0.000000	-0.001531	-0.001882	-6.34e-05	1.48e-05	5.07e-06	-5.84e-04	-0.002200	-0.005941	-0.003252	-5.21e-05	-0.001956
"2016-01-04 00:00"	0.000000	-0.001534	-0.001890	-6.41e-05	1.49e-05	5.12e-06	-5.98e-04	-0.002291	-0.005939	-0.003242	-5.70e-05	-0.001952
"2016-01-05 00:00"	0.000000	-0.001542	-0.001903	-6.50e-05	1.67e-05	5.79e-06	-6.08e-04	-0.002373	-0.005935	-0.003215	-6.05e-05	-0.001938
"2016-01-06 00:00"	0.000000	-0.001552	-0.001919	-6.64e-05	1.03e-05	3.60e-06	-6.15e-04	-0.002443	-0.005929	-0.003173	-6.23e-05	-0.001915
"2016-01-07 00:00"	0.000000	-0.001560	-0.001933	-6.58e-05	1.63e-05	5.69e-06	-6.17e-04	-0.002503	-0.005924	-0.003122	-6.32e-05	-0.001888
"2016-01-08 00:00"	0.000000	-0.001565	-0.001945	-6.62e-05	1.47e-05	5.17e-06	-6.16e-04	-0.002556	-0.005919	-0.003070	-6.38e-05	-0.001860
"2016-01-09 00:00"	0.000000	-0.001567	-0.001954	-6.65e-05	1.49e-05	5.26e-06	-6.12e-04	-0.002600	-0.005916	-0.003016	-6.38e-05	-0.001832
"2016-01-10 00:00"	0.000000	-0.001572	-0.001964	-6.69e-05	1.60e-05	5.68e-06	-6.05e-04	-0.002629	-0.005911	-0.002956	-6.27e-05	-0.001800
"2016-01-11 00:00"	0.000000	-0.001583	-0.001979	-6.83e-05	1.64e-05	5.89e-06	-5.94e-04	-0.002638	-0.005905	-0.002889	-6.03e-05	-0.001765
"2016-01-12 00:00"	0.000000	-0.001591	-0.001992	-6.93e-05	1.51e-05	5.44e-06	-5.80e-04	-0.002632	-0.005900	-0.002817	-5.66e-05	-0.001727
"2016-01-13 00:00"	0.000000	-0.001594	-0.002002	-6.95e-05	1.46e-05	5.30e-06	-5.64e-04	-0.002610	-0.005895	-0.002743	-5.19e-05	-0.001689
"2016-01-14 00:00"	0.000000	-0.001592	-0.002004	-6.95e-05	1.25e-05	4.58e-06	-5.46e-04	-0.002577	-0.005892	-0.002669	-4.65e-05	-0.001650
"2016-01-15 00:00"	0.000000	-0.001595	-0.002012	-6.92e-05	1.50e-05	5.48e-06	-5.28e-04	-0.002541	-0.005887	-0.002601	-4.14e-05	-0.001618
"2016-01-16 00:00"	0.000000	-0.001584	-0.002003	-6.87e-05	1.36e-05	5.03e-06	-5.09e-04	-0.002505	-0.005883	-0.002543	-3.71e-05	-0.001592
"2016-01-17 00:00"	0.000000	-0.001575	-0.001993	-6.80e-05	1.57e-05	5.82e-06	-4.91e-04	-0.002460	-0.005877	-0.002483	-3.21e-05	-0.001567
"2016-01-18 00:00"	0.000000	-0.001575	-0.001996	-6.80e-05	1.32e-05	4.91e-06	-4.73e-04	-0.002405	-0.005870	-0.002422	-2.64e-05	-0.001541
"2016-01-19 00:00"	0.000000	-0.001573	-0.001995	-6.77e-05	1.36e-05	5.07e-06	-4.56e-04	-0.002347	-0.005867	-0.002363	-2.06e-05	-0.001517
"2016-01-20 00:00"	0.000000	-0.001580	-0.002005	-6.78e-05	1.31e-05	4.91e-06	-4.40e-04	-0.002285	-0.005861	-0.002304	-1.43e-05	-0.001495
"2016-01-21 00:00"	0.000000	-0.001583	-0.002007	-6.78e-05	9.42e-06	3.51e-06	-4.26e-04	-0.002221	-0.005856	-0.002248	-8.03e-06	-0.001476
"2016-01-22 00:00"	0.000000	-0.001584	-0.002008	-6.67e-05	1.14e-05	4.25e-06	-4.14e-04	-0.002165	-0.005854	-0.002204	-3.40e-06	-0.001467
"2016-01-23 00:00"	0.000000	-0.001591	-0.002014	-6.72e-05	1.58e-05	6.00e-06	-4.08e-04	-0.002134	-0.005850	-0.002188	-3.90e-06	-0.001484
"2016-01-24 00:00"	0.000000	-0.001594	-0.002018	-6.78e-05	1.58e-05	5.93e-06	-4.08e-04	-0.002119	-0.005847	-0.002192	-8.21e-06	-0.001521
"2016-01-25 00:00"	0.000000	-0.001599	-0.002024	-6.82e-05	1.58e-05	5.95e-06	-4.07e-04	-0.002095	-0.005839	-0.002188	-1.13e-05	-0.001553
"2016-01-26 00:00"	0.000000	-0.001593	-0.002015	-6.84e-05	1.28e-05	4.93e-06	-4.07e-04	-0.002066	-0.005836	-0.002180	-1.36e-05	-0.001585
"2016-01-27 00:00"	0.000000	-0.001591	-0.002012	-6.82e-05	1.22e-05	4.59e-06	-4.14e-04	-0.002068	-0.005840	-0.002209	-2.36e-05	-0.001682
"2016-01-28 00:00"	0.000000	-0.001573	-0.001986	-6.69e-05	1.39e-05	5.20e-06	-4.23e-04	-0.002074	-0.005838	-0.002246	-3.54e-05	-0.001803
"2016-01-29 00:00"	0.000000	-0.001548	-0.001949	-6.58e-05	1.37e-05	5.10e-06	-4.31e-04	-0.002070	-0.005836	-0.002270	-4.51e-05	-0.001909
"2016-01-30 00:00"	0.000000	-0.001527	-0.001919	-6.50e-05	1.22e-05	4.52e-06	-4.38e-04	-0.002056	-0.005836	-0.002284	-5.29e-05	-0.002003
"2016-01-31 00:00"	0.000000	-0.001515	-0.001899	-6.45e-05	1.37e-05	5.08e-06	-4.44e-04	-0.002044	-0.005836	-0.002300	-6.15e-05	-0.002122
"2016-02-01 00:00"	0.000000	-0.001521	-0.001903	-6.53e-05	1.43e-05	5.28e-06	-4.49e-04	-0.002032	-0.005837	-0.002317	-7.03e-05	-0.002254
"2016-02-02 00:00"	0.000000	-0.001517	-0.001896	-6.55e-05	1.25e-05	4.60e-06	-4.53e-04	-0.002015	-0.005840	-0.002327	-7.76e-05	-0.002376
"2016-02-03 00:00"	0.000000	-0.001507	-0.001878	-6.47e-05	1.51e-05	5.53e-06	-4.54e-04	-0.001992	-0.005839	-0.002329	-8.33e-05	-0.002490
"2016-02-04 00:00"	0.000000	-0.001511	-0.001882	-6.50e-05	1.35e-05	4.94e-06	-4.53e-04	-0.001964	-0.005835	-0.002324	-8.71e-05	-0.002590
"2016-02-05 00:00"	0.000000	-0.001515	-0.001885	-6.52e-05	1.48e-05	5.40e-06	-4.51e-04	-0.001934	-0.005834	-0.002316	-9.03e-05	-0.002687
"2016-02-06 00:00"	0.000000	-0.001511	-0.001877	-6.51e-05	1.35e-05	4.89e-06	-4.48e-04	-0.001901	-0.005829	-0.002302	-9.19e-05	-0.002764
"2016-02-07 00:00"	0.000000	-0.001503	-0.001865	-6.50e-05	1.04e-05	3.76e-06	-4.42e-04	-0.001864	-0.005825	-0.002283	-9.20e-05	-0.002821
"2016-02-08 00:00"	0.000000	-0.001505	-0.001865	-6.38e-05	9.57e-06	3.42e-06	-4.35e-04	-0.001826	-0.005821	-0.002261	-9.11e-05	-0.002869
"2016-02-09 00:00"	0.000000	-0.001500	-0.001856	-6.27e-05	8.06e-06	2.88e-06	-4.28e-04	-0.001789	-0.005815	-0.002238	-8.95e-05	-0.002916
"2016-02-10 00:00"	0.000000	-0.001494	-0.001834	-5.90e-05	9.92e-06	3.50e-06	-4.21e-04	-0.001756	-0.005811	-0.002220	-8.86e-05	-0.002980
"2016-02-11 00:00"	0.000000	-0.001505	-0.001844	-5.82e-05	1.24e-05	4.40e-06	-4.20e-04	-0.001744	-0.005808	-0.002231	-9.34e-05	-0.003045
"2016-02-12 00:00"	0.000000	-0.001520	-0.001862	-6.04e-05	1.14e-05	4.04e-06	-4.24e-04	-0.001751	-0.005803	-0.002267	-1.03e-04	-0.003102
"2016-02-13 00:00"	0.000000	-0.001523	-0.001864	-6.06e-05	9.67e-06	3.34e-06	-4.34e-04	-0.001782	-0.005801	-0.002337	-1.20e-04	-0.003157
"2016-02-14 00:00"	0.000000	-0.001511	-0.001848	-6.01e-05	1.38e-05	4.63e-06	-4.49e-04	-0.001823	-0.005797	-0.002421	-1.40e-04	-0.003191
"2016-02-15 00:00"	0.000000	-0.001500	-0.001831	-6.05e-05	1.33e-05	4.43e-06	-4.64e-04	-0.001861	-0.005793	-0.002495	-1.58e-04	-0.003180
"2016-02-16 00:00"	0.000000	-0.001497	-0.001826	-6.11e-05	1.27e-05	4.18e-06	-4.78e-04	-0.001896	-0.005789	-0.002558	-1.74e-04	-0.003150
"2016-02-17 00:00"	0.000000	-0.001495	-0.001824	-6.15e-05	9.42e-06	3.08e-06	-4.94e-04	-0.001935	-0.005786	-0.002621	-1.90e-04	-0.003154
"2016-02-18 00:00"	0.000000	-0.001488	-0.001814	-6.08e-05	8.18e-06	2.67e-06	-5.09e-04	-0.001974	-0.005784	-0.002678	-2.05e-04	-0.003152
"2016-02-19 00:00"	0.000000	-0.001491	-0.001817	-5.79e-05	1.37e-05	4.44e-06	-5.24e-04	-0.002018	-0.005784	-0.002736	-2.20e-04	-0.003190
"2016-02-20 00:00"	0.000000	-0.001495	-0.001820	-5.82e-05	1.40e-05	4.56e-06	-5.40e-04	-0.002064	-0.005781	-0.002789	-2.35e-04	-0.003180
"2016-02-21 00:00"	0.000000	-0.001483	-0.001806	-5.87e-05	8.89e-06	2.88e-06	-5.53e-04	-0.002104	-0.005777	-0.002824	-2.46e-04	-0.003107
"2016-02-22 00:00"	0.000000	-0.001476	-0.001797	-5.81e-05	1.54e-05	5.03e-06	-5.62e-04	-0.002138	-0.005773	-0.002844	-2.54e-04	-0.003017
"2016-02-23 00:00"	0.000000	-0.001489	-0.001813	-6.02e-05	1.17e-05	3.86e-06	-5.70e-04	-0.002171	-0.005769	-0.002855	-2.61e-04	-0.002928
"2016-02-24 00:00"	0.000000	-0.001497	-0.001826	-6.15e-05	1.33e-05	4.43e-06	-5.77e-04	-0.002209	-0.005769	-0.002869	-2.68e-04	-0.002868
"2016-02-25 00:00"	0.000000	-0.001487	-0.001820	-6.14e-05	8.38e-06	2.78e-06	-5.83e-04	-0.002245	-0.005768	-0.002874	-2.72e-04	-0.002806
"2016-02-26 00:00"	0.000000	-0.001480	-0.001816	-5.90e-05	1.40e-05	4.70e-06	-5.87e-04	-0.002283	-0.005768	-0.002879	-2.77e-04	-0.002756
"2016-02-27 00:00"	0.000000	-0.001493	-0.001833	-6.02e-05	1.56e-05	5.31e-06	-5.90e-04	-0.002324	-0.005766	-0.002883	-2.81e-04	-0.002716
"2016-02-28 00:00"	0.000000	-0.001502	-0.001848	-6.19e-05	1.50e-05	5.15e-06	-5.92e-04	-0.002361	-0.005763	-0.002879	-2.83e-04	-0.002668
"2016-02-29 00:00"	0.000000	-0.001513	-0.001865	-6.36e-05	1.16e-05	4.01e-06	-5.92e-04	-0.002391	-0.005759	-0.002865	-2.82e-04	-0.002608
"2016-03-01 00:00"	0.000000	-0.001521	-0.001881	-6.45e-05	1.06e-05	3.67e-06	-5.90e-04	-0.002418	-0.005757	-0.002847	-2.81e-04	-0.002552
"2016-03-02 00:00"	0.000000	-0.001507	-0.001874	-6.33e-05	8.01e-06	2.79e-06	-5.89e-04	-0.002452	-0.005758	-0.002836	-2.80e-04	-0.002513
"2016-03-03 00:00"	0.000000	-0.001501	-0.001873	-5.93e-05	1.38e-05	4.84e-06	-5.87e-04	-0.002482	-0.005756	-0.002822	-2.79e-04	-0.002473
"2016-03-04 00:00"	0.000000	-0.001508	-0.001883	-5.97e-05	1.10e-05	3.86e-06	-5.84e-04	-0.002509	-0.005755	-0.002807	-2.76e-04	-0.002433
"2016-03-05 00:00"	0.000000	-0.001519	-0.001899	-6.12e-05	1.20e-05	4.26e-06	-5.83e-04	-0.002548	-0.005757	-0.002804	-2.76e-04	-0.002416
"2016-03-06 00:00"	0.000000	-0.001530	-0.001915	-6.27e-05	1.59e-05	5.77e-06	-5.87e-04	-0.002616	-0.005755	-0.002830	-2.80e-04	-0.002443
"2016-03-07 00:00"	0.000000	-0.001535	-0.001924	-6.39e-05	1.53e-05	5.46e-06	-6.01e-04	-0.002737	-0.005758	-0.002904	-2.92e-04	-0.002515
"2016-03-08 00:00"	0.000000	-0.001548	-0.001941	-6.58e-05	1.33e-05	4.77e-06	-6.13e-04	-0.002839	-0.005759	-0.002963	-3.02e-04	-0.002547
"2016-03-09 00:00"	0.000000	-0.001554	-0.001954	-6.67e-05	9.43e-06	3.41e-06	-6.26e-04	-0.002940	-0.005766	-0.003026	-3.12e-04	-0.002584
"2016-03-10 00:00"	0.000000	-0.001545	-0.001951	-6.47e-05	1.19e-05	4.26e-06	-6.36e-04	-0.003021	-0.005771	-0.003076	-3.21e-04	-0.002598
"2016-03-11 00:00"	0.000000	-0.001553	-0.001962	-6.54e-05	1.37e-05	5.05e-06	-6.52e-04	-0.003160	-0.005777	-0.003197	-3.36e-04	-0.002633
"2016-03-12 00:00"	0.000000	-0.001524	-0.001937	-6.31e-05	1.23e-05	4.42e-06	-6.80e-04	-0.003342	-0.005787	-0.003394	-3.61e-04	-0.002673
"2016-03-13 00:00"	0.000000	-0.001521	-0.001937	-6.20e-05	1.08e-05	3.87e-06	-7.03e-04	-0.003450	-0.005799	-0.003528	-3.82e-04	-0.002668
"2016-03-14 00:00"	0.000000	-0.001529	-0.001948	-6.25e-05	1.21e-05	4.36e-06	-7.21e-04	-0.003519	-0.005813	-0.003638	-4.01e-04	-0.002652
"2016-03-15 00:00"	0.000000	-0.001537	-0.001958	-6.27e-05	1.47e-05	5.25e-06	-7.37e-04	-0.003563	-0.005827	-0.003734	-4.19e-04	-0.002636
"2016-03-16 00:00"	0.000000	-0.001537	-0.001959	-6.32e-05	1.50e-05	5.38e-06	-7.45e-04	-0.003561	-0.005838	-0.003787	-4.33e-04	-0.002596
"2016-03-17 00:00"	0.000000	-0.001529	-0.001950	-6.36e-05	1.31e-05	4.71e-06	-7.47e-04	-0.003518	-0.005849	-0.003800	-4.42e-04	-0.002537
"2016-03-18 00:00"	0.000000	-0.001534	-0.001957	-6.40e-05	1.41e-05	5.06e-06	-7.44e-04	-0.003458	-0.005862	-0.003800	-4.49e-04	-0.002481
"2016-03-19 00:00"	0.000000	-0.001532	-0.001957	-6.44e-05	1.15e-05	4.12e-06	-7.45e-04	-0.003431	-0.005879	-0.003863	-4.61e-04	-0.002480
"2016-03-20 00:00"	0.000000	-0.001530	-0.001957	-6.44e-05	1.46e-05	5.30e-06	-7.45e-04	-0.003401	-0.005890	-0.003938	-4.75e-04	-0.002495
"2016-03-21 00:00"	0.000000	-0.001542	-0.001975	-6.60e-05	1.23e-05	4.43e-06	-7.48e-04	-0.003394	-0.005904	-0.004085	-4.92e-04	-0.002561
"2016-03-22 00:00"	0.000000	-0.001545	-0.001987	-6.64e-05	8.06e-06	2.89e-06	-7.58e-04	-0.003417	-0.005924	-0.004286	-5.15e-04	-0.002654
"2016-03-23 00:00"	0.000000	-0.001522	-0.001979	-6.10e-05	9.56e-06	3.34e-06	-7.66e-04	-0.003433	-0.005943	-0.004453	-5.38e-04	-0.002732
"2016-03-24 00:00"	0.000000	-0.001503	-0.001963	-5.66e-05	9.68e-06	3.35e-06	-7.70e-04	-0.003428	-0.005961	-0.004559	-5.58e-04	-0.002777
"2016-03-25 00:00"	0.000000	-0.001495	-0.001957	-5.44e-05	1.35e-05	4.60e-06	-7.73e-04	-0.003412	-0.005978	-0.004645	-5.75e-04	-0.002816
"2016-03-26 00:00"	0.000000	-0.001493	-0.001956	-5.54e-05	1.49e-05	5.05e-06	-7.73e-04	-0.003383	-0.005981	-0.004697	-5.89e-04	-0.002835
"2016-03-27 00:00"	0.000000	-0.001492	-0.001957	-5.71e-05	8.86e-06	2.98e-06	-7.69e-04	-0.003338	-0.005982	-0.004701	-5.98e-04	-0.002823
"2016-03-28 00:00"	0.000000	-0.001497	-0.001969	-5.56e-05	1.46e-05	4.91e-06	-7.64e-04	-0.003299	-0.005981	-0.004746	-6.08e-04	-0.002844
"2016-03-29 00:00"	0.000000	-0.001514	-0.001989	-5.74e-05	1.61e-05	5.39e-06	-7.63e-04	-0.003285	-0.005981	-0.004871	-6.20e-04	-0.002901
"2016-03-30 00:00"	0.000000	-0.001531	-0.002009	-6.01e-05	1.78e-05	5.91e-06	-7.63e-04	-0.003281	-0.005980	-0.004957	-6.34e-04	-0.002937
"2016-03-31 00:00"	0.000000	-0.001546	-0.002026	-6.27e-05	1.18e-05	3.93e-06	-7.60e-04	-0.003258	-0.005982	-0.004954	-6.42e-04	-0.002923
"2016-04-01 00:00"	0.000000	-0.001556	-0.002038	-6.41e-05	1.74e-05	5.79e-06	-7.53e-04	-0.003221	-0.005980	-0.004911	-6.45e-04	-0.002891
"2016-04-02 00:00"	0.000000	-0.001564	-0.002051	-6.58e-05	9.17e-06	3.07e-06	-7.44e-04	-0.003174	-0.005982	-0.004837	-6.45e-04	-0.002844
"2016-04-03 00:00"	0.000000	-0.001548	-0.002053	-6.19e-05	1.06e-05	3.54e-06	-7.34e-04	-0.003128	-0.005982	-0.004777	-6.42e-04	-0.002816
"2016-04-04 00:00"	0.000000	-0.001559	-0.002068	-6.07e-05	1.50e-05	5.15e-06	-7.25e-04	-0.003125	-0.005979	-0.004830	-6.47e-04	-0.002848
"2016-04-05 00:00"	0.000000	-0.001547	-0.002051	-6.13e-05	1.00e-05	3.35e-06	-7.26e-04	-0.003208	-0.005982	-0.004989	-6.67e-04	-0.002925
"2016-04-06 00:00"	0.000000	-0.001549	-0.002051	-6.17e-05	1.41e-05	4.81e-06	-7.42e-04	-0.003359	-0.005979	-0.005128	-6.97e-04	-0.002994
"2016-04-07 00:00"	0.000000	-0.001543	-0.002042	-6.23e-05	1.54e-05	5.05e-06	-7.78e-04	-0.003551	-0.005981	-0.005216	-7.43e-04	-0.003059
"2016-04-08 00:00"	0.000000	-0.001547	-0.002046	-6.32e-05	1.63e-05	5.33e-06	-8.12e-04	-0.003668	-0.005981	-0.005242	-7.81e-04	-0.003106
"2016-04-09 00:00"	0.000000	-0.001543	-0.002040	-6.39e-05	1.40e-05	4.53e-06	-8.43e-04	-0.003746	-0.005982	-0.005270	-8.13e-04	-0.003145
"2016-04-10 00:00"	0.000000	-0.001525	-0.002018	-6.35e-05	9.23e-06	2.98e-06	-8.67e-04	-0.003779	-0.005982	-0.005265	-8.37e-04	-0.003183
"2016-04-11 00:00"	0.000000	-0.001514	-0.002006	-6.07e-05	9.82e-06	3.18e-06	-8.84e-04	-0.003782	-0.005982	-0.005268	-8.56e-04	-0.003234
"2016-04-12 00:00"	0.000000	-0.001508	-0.002003	-5.83e-05	1.10e-05	3.57e-06	-8.95e-04	-0.003772	-0.005981	-0.005320	-8.70e-04	-0.003281
"2016-04-13 00:00"	0.000000	-0.001514	-0.002012	-5.89e-05	1.15e-05	3.77e-06	-9.11e-04	-0.003804	-0.005981	-0.005432	-8.90e-04	-0.003326
"2016-04-14 00:00"	0.000000	-0.001518	-0.002020	-5.95e-05	9.04e-06	2.88e-06	-9.37e-04	-0.003896	-0.005982	-0.005549	-9.16e-04	-0.003369
"2016-04-15 00:00"	0.000000	-0.001518	-0.002023	-5.78e-05	1.32e-05	4.23e-06	-9.57e-04	-0.003971	-0.005981	-0.005653	-9.37e-04	-0.003408
"2016-04-16 00:00"	0.000000	-0.001523	-0.002032	-5.87e-05	1.63e-05	5.20e-06	-9.70e-04	-0.004053	-0.005981	-0.005746	-9.58e-04	-0.003444
"2016-04-17 00:00"	0.000000	-0.001526	-0.002041	-6.03e-05	9.79e-06	3.14e-06	-9.77e-04	-0.004102	-0.005982	-0.005759	-9.73e-04	-0.003476
"2016-04-18 00:00"	0.000000	-0.001524	-0.002046	-6.03e-05	9.26e-06	2.99e-06	-9.80e-04	-0.004122	-0.005982	-0.005792	-9.83e-04	-0.003507
"2016-04-19 00:00"	0.000000	-0.001519	-0.002047	-5.75e-05	1.06e-05	3.44e-06	-9.83e-04	-0.004155	-0.005981	-0.005876	-9.93e-04	-0.003529
"2016-04-20 00:00"	0.000000	-0.001525	-0.002056	-5.63e-05	1.57e-05	5.10e-06	-9.90e-04	-0.004221	-0.005981	-0.005932	-0.001005	-0.003538
"2016-04-21 00:00"	0.000000	-0.001535	-0.002070	-5.79e-05	1.52e-05	4.92e-06	-9.94e-04	-0.004269	-0.005981	-0.005886	-0.001015	-0.003547
"2016-04-22 00:00"	0.000000	-0.001540	-0.002078	-5.94e-05	1.59e-05	5.19e-06	-9.89e-04	-0.004252	-0.005981	-0.005763	-0.001016	-0.003555
"2016-04-23 00:00"	0.000000	-0.001548	-0.002089	-6.10e-05	1.21e-05	3.98e-06	-9.78e-04	-0.004196	-0.005982	-0.005645	-0.001010	-0.003564
"2016-04-24 00:00"	0.000000	-0.001558	-0.002101	-6.23e-05	1.78e-05	6.00e-06	-9.71e-04	-0.004191	-0.005979	-0.005649	-0.001008	-0.003574
"2016-04-25 00:00"	0.000000	-0.001557	-0.002099	-6.35e-05	1.40e-05	4.66e-06	-9.78e-04	-0.004298	-0.005981	-0.005715	-0.001019	-0.003589
"2016-04-26 00:00"	0.000000	-0.001549	-0.002092	-6.36e-05	1.59e-05	5.32e-06	-9.77e-04	-0.004324	-0.005981	-0.005713	-0.001022	-0.003600
"2016-04-27 00:00"	0.000000	-0.001557	-0.002101	-6.46e-05	1.64e-05	5.54e-06	-9.67e-04	-0.004276	-0.005981	-0.005628	-0.001017	-0.003610
"2016-04-28 00:00"	0.000000	-0.001557	-0.002100	-6.52e-05	1.41e-05	4.80e-06	-9.50e-04	-0.004181	-0.005981	-0.005507	-0.001005	-0.003621
"2016-04-29 00:00"	0.000000	-0.001562	-0.002107	-6.63e-05	1.28e-05	4.40e-06	-9.31e-04	-0.004096	-0.005980	-0.005472	-9.93e-04	-0.003631
"2016-04-30 00:00"	0.000000	-0.001566	-0.002115	-6.63e-05	1.17e-05	4.02e-06	-9.17e-04	-0.004064	-0.005982	-0.005583	-9.88e-04	-0.003647
"2016-05-01 00:00"	0.000000	-0.001562	-0.002117	-6.51e-05	1.45e-05	4.97e-06	-8.99e-04	-0.004003	-0.005981	-0.005666	-9.78e-04	-0.003659
"2016-05-02 00:00"	0.000000	-0.001575	-0.002130	-6.61e-05	1.48e-05	5.13e-06	-8.77e-04	-0.003915	-0.005981	-0.005670	-9.62e-04	-0.003671
"2016-05-03 00:00"	0.000000	-0.001572	-0.002127	-6.66e-05	1.04e-05	3.65e-06	-8.52e-04	-0.003817	-0.005981	-0.005641	-9.44e-04	-0.003683
"2016-05-04 00:00"	0.000000	-0.001575	-0.002131	-6.58e-05	1.42e-05	4.99e-06	-8.30e-04	-0.003748	-0.005981	-0.005708	-9.28e-04	-0.003696
"2016-05-05 00:00"	0.000000	-0.001560	-0.002108	-6.53e-05	9.81e-06	3.44e-06	-8.09e-04	-0.003691	-0.005982	-0.005712	-9.14e-04	-0.003707
"2016-05-06 00:00"	0.000000	-0.001531	-0.002076	-6.30e-05	1.32e-05	4.61e-06	-7.87e-04	-0.003619	-0.005981	-0.005646	-8.95e-04	-0.003717
"2016-05-07 00:00"	0.000000	-0.001540	-0.002086	-6.37e-05	1.52e-05	5.38e-06	-7.64e-04	-0.003536	-0.005981	-0.005548	-8.74e-04	-0.003725
"2016-05-08 00:00"	0.000000	-0.001543	-0.002090	-6.43e-05	1.27e-05	4.48e-06	-7.41e-04	-0.003444	-0.005982	-0.005428	-8.49e-04	-0.003727
"2016-05-09 00:00"	0.000000	-0.001537	-0.002081	-6.42e-05	9.49e-06	3.37e-06	-7.18e-04	-0.003353	-0.005982	-0.005328	-8.24e-04	-0.003727
"2016-05-10 00:00"	0.000000	-0.001526	-0.002068	-6.20e-05	1.32e-05	4.69e-06	-6.94e-04	-0.003260	-0.005982	-0.005228	-7.96e-04	-0.003727
"2016-05-11 00:00"	0.000000	-0.001536	-0.002078	-6.33e-05	1.17e-05	4.18e-06	-6.71e-04	-0.003164	-0.005982	-0.005122	-7.67e-04	-0.003727
"2016-05-12 00:00"	0.000000	-0.001552	-0.002094	-6.50e-05	1.23e-05	4.41e-06	-6.48e-04	-0.003074	-0.005981	-0.005040	-7.38e-04	-0.003727
"2016-05-13 00:00"	0.000000	-0.001532	-0.002070	-6.38e-05	1.09e-05	3.89e-06	-6.26e-04	-0.002984	-0.005982	-0.004956	-7.09e-04	-0.003727
"2016-05-14 00:00"	0.000000	-0.001531	-0.002071	-6.30e-05	1.31e-05	4.66e-06	-6.04e-04	-0.002898	-0.005981	-0.004877	-6.79e-04	-0.003727
"2016-05-15 00:00"	0.000000	-0.001523	-0.002061	-6.28e-05	8.76e-06	3.14e-06	-5.84e-04	-0.002819	-0.005982	-0.004818	-6.50e-04	-0.003727
"2016-05-16 00:00"	0.000000	-0.001508	-0.002043	-5.90e-05	9.87e-06	3.53e-06	-5.64e-04	-0.002742	-0.005982	-0.004755	-6.21e-04	-0.003727
"2016-05-17 00:00"	0.000000	-0.001518	-0.002055	-5.59e-05	1.14e-05	4.08e-06	-5.46e-04	-0.002671	-0.005982	-0.004703	-5.93e-04	-0.003727
"2016-05-18 00:00"	0.000000	-0.001509	-0.002050	-5.55e-05	9.06e-06	3.23e-06	-5.29e-04	-0.002608	-0.005982	-0.004668	-5.66e-04	-0.003727
"2016-05-19 00:00"	0.000000	-0.001501	-0.002043	-5.43e-05	1.33e-05	4.73e-06	-5.14e-04	-0.002551	-0.005982	-0.004645	-5.41e-04	-0.003727
"2016-05-20 00:00"	0.000000	-0.001497	-0.002033	-5.53e-05	1.50e-05	5.34e-06	-5.01e-04	-0.002497	-0.005980	-0.004612	-5.15e-04	-0.003726
"2016-05-21 00:00"	0.000000	-0.001506	-0.002040	-5.75e-05	1.23e-05	4.39e-06	-4.88e-04	-0.002444	-0.005977	-0.004562	-4.90e-04	-0.003725
"2016-05-22 00:00"	0.000000	-0.001510	-0.002041	-5.90e-05	1.36e-05	4.84e-06	-4.81e-04	-0.002410	-0.005980	-0.004585	-4.69e-04	-0.003726
"2016-05-23 00:00"	0.000000	-0.001513	-0.002043	-5.96e-05	1.37e-05	4.88e-06	-4.75e-04	-0.002380	-0.005979	-0.004598	-4.49e-04	-0.003726
"2016-05-24 00:00"	0.000000	-0.001514	-0.002044	-5.99e-05	1.39e-05	4.95e-06	-4.72e-04	-0.002355	-0.005980	-0.004613	-4.31e-04	-0.003726
"2016-05-25 00:00"	0.000000	-0.001506	-0.002030	-6.04e-05	8.28e-06	2.99e-06	-4.69e-04	-0.002329	-0.005982	-0.004600	-4.12e-04	-0.003727
"2016-05-26 00:00"	0.000000	-0.001467	-0.001976	-5.64e-05	1.01e-05	3.64e-06	-4.66e-04	-0.002300	-0.005982	-0.004554	-3.93e-04	-0.003727
"2016-05-27 00:00"	0.000000	-0.001467	-0.001973	-5.40e-05	1.44e-05	5.16e-06	-4.62e-04	-0.002267	-0.005981	-0.004485	-3.73e-04	-0.003727
"2016-05-28 00:00"	0.000000	-0.001470	-0.001971	-5.50e-05	1.37e-05	4.95e-06	-4.59e-04	-0.002230	-0.005980	-0.004395	-3.53e-04	-0.003726
"2016-05-29 00:00"	0.000000	-0.001468	-0.001963	-5.63e-05	9.41e-06	3.40e-06	-4.54e-04	-0.002190	-0.005982	-0.004291	-3.33e-04	-0.003727
"2016-05-30 00:00"	0.000000	-0.001479	-0.001971	-5.68e-05	1.29e-05	4.65e-06	-4.50e-04	-0.002154	-0.005981	-0.004205	-3.14e-04	-0.003727
"2016-05-31 00:00"	0.000000	-0.001483	-0.001970	-5.80e-05	1.28e-05	4.65e-06	-4.48e-04	-0.002127	-0.005981	-0.004151	-2.97e-04	-0.003727
"2016-06-01 00:00"	0.000000	-0.001483	-0.001961	-5.88e-05	1.33e-05	4.83e-06	-4.45e-04	-0.002097	-0.005981	-0.004085	-2.81e-04	-0.003727
"2016-06-02 00:00"	0.000000	-0.001494	-0.001967	-6.01e-05	1.43e-05	5.22e-06	-4.41e-04	-0.002062	-0.005980	-0.004003	-2.63e-04	-0.003726
"2016-06-03 00:00"	0.000000	-0.001499	-0.001967	-6.13e-05	9.76e-06	3.56e-06	-4.36e-04	-0.002026	-0.005981	-0.003919	-2.46e-04	-0.003726
"2016-06-04 00:00"	0.000000	-0.001497	-0.001954	-6.06e-05	9.67e-06	3.52e-06	-4.34e-04	-0.002003	-0.005982	-0.003880	-2.32e-04	-0.003727
"2016-06-05 00:00"	0.000000	-0.001494	-0.001938	-5.96e-05	1.02e-05	3.69e-06	-4.34e-04	-0.001990	-0.005982	-0.003869	-2.20e-04	-0.003727
"2016-06-06 00:00"	0.000000	-0.001494	-0.001927	-5.95e-05	1.41e-05	5.11e-06	-4.34e-04	-0.001976	-0.005981	-0.003850	-2.09e-04	-0.003727
"2016-06-07 00:00"	0.000000	-0.001507	-0.001938	-6.14e-05	1.26e-05	4.62e-06	-4.36e-04	-0.001966	-0.005980	-0.003836	-1.98e-04	-0.003726
"2016-06-08 00:00"	0.000000	-0.001507	-0.001932	-6.23e-05	1.20e-05	4.33e-06	-4.41e-04	-0.001968	-0.005982	-0.003857	-1.91e-04	-0.003727
"2016-06-09 00:00"	0.000000	-0.001507	-0.001926	-6.27e-05	1.27e-05	4.63e-06	-4.46e-04	-0.001971	-0.005981	-0.003873	-1.84e-04	-0.003727
"2016-06-10 00:00"	0.000000	-0.001511	-0.001927	-6.32e-05	1.32e-05	4.76e-06	-4.55e-04	-0.001984	-0.005981	-0.003915	-1.80e-04	-0.003727
"2016-06-11 00:00"	0.000000	-0.001517	-0.001931	-6.37e-05	1.23e-05	4.45e-06	-4.65e-04	-0.001997	-0.005981	-0.003945	-1.75e-04	-0.003726
"2016-06-12 00:00"	0.000000	-0.001518	-0.001929	-6.38e-05	9.35e-06	3.37e-06	-4.78e-04	-0.002019	-0.005982	-0.003993	-1.73e-04	-0.003727
"2016-06-13 00:00"	0.000000	-0.001513	-0.001918	-6.20e-05	8.54e-06	3.06e-06	-4.90e-04	-0.002040	-0.005982	-0.004026	-1.71e-04	-0.003727
"2016-06-14 00:00"	0.000000	-0.001502	-0.001896	-5.84e-05	7.64e-06	2.74e-06	-5.02e-04	-0.002065	-0.005982	-0.004059	-1.70e-04	-0.003727
"2016-06-15 00:00"	0.000000	-0.001468	-0.001829	-5.29e-05	8.97e-06	3.21e-06	-5.14e-04	-0.002094	-0.005982	-0.004098	-1.70e-04	-0.003727
