"2015-06-16 00:00"	0.000000	0.000000	-0.002423	-0.006190	-0.006313	-0.005889	-0.005499	-0.007269	-0.016008	-0.025984	-0.039048	-0.046899
"2015-06-17 00:00"	0.000000	0.000000	-0.003143	-0.009136	-0.009790	-0.009720	-0.009647	-0.015882	-0.037377	-0.062970	-0.090692	-0.106814
"2015-06-18 00:00"	0.000000	0.000000	-0.002860	-0.008006	-0.008624	-0.008701	-0.008669	-0.015519	-0.037107	-0.063050	-0.091598	-0.112938
"2015-06-19 00:00"	0.000000	0.000000	-0.001789	-0.004569	-0.004619	-0.004587	-0.004573	-0.006656	-0.016877	-0.029208	-0.045461	-0.066676
"2015-06-20 00:00"	0.000000	0.000000	-0.001625	-0.004499	-0.004561	-0.004524	-0.004506	-0.006498	-0.017926	-0.031901	-0.053940	-0.075993
"2015-06-21 00:00"	0.000000	0.000000	-0.002059	-0.005792	-0.005852	-0.005823	-0.005812	-0.007679	-0.023451	-0.045461	-0.080440	-0.104474
"2015-06-22 00:00"	0.000000	0.000000	-0.002069	-0.005850	-0.005896	-0.005867	-0.005852	-0.007634	-0.019341	-0.043137	-0.074351	-0.096303
"2015-06-23 00:00"	0.000000	0.000000	-0.002357	-0.007133	-0.007467	-0.007401	-0.007356	-0.009019	-0.018055	-0.037716	-0.064160	-0.084690
"2015-06-24 00:00"	0.000000	0.000000	-0.001487	-0.003761	-0.003843	-0.003843	-0.003850	-0.005476	-0.015422	-0.035659	-0.062333	-0.083094
"2015-06-25 00:00"	0.000000	0.000000	-0.001567	-0.005538	-0.005786	-0.005745	-0.005715	-0.007199	-0.022734	-0.048006	-0.080380	-0.103477
"2015-06-26 00:00"	0.000000	0.000000	-0.002935	-0.009090	-0.010297	-0.010267	-0.010209	-0.011516	-0.036948	-0.073095	-0.113415	-0.139723
"2015-06-27 00:00"	0.000000	0.000000	-0.002171	-0.006568	-0.007080	-0.007020	-0.006976	-0.008317	-0.022658	-0.047069	-0.075819	-0.097242
"2015-06-28 00:00"	0.000000	0.000000	-0.002220	-0.006812	-0.007385	-0.007377	-0.007381	-0.008746	-0.018523	-0.038085	-0.061552	-0.081007
"2015-06-29 00:00"	0.000000	0.000000	-0.002522	-0.007671	-0.008381	-0.008285	-0.008239	-0.009520	-0.022709	-0.046213	-0.073315	-0.094281
"2015-06-30 00:00"	0.000000	0.000000	-0.002416	-0.007347	-0.007948	-0.007893	-0.007868	-0.009152	-0.019423	-0.040198	-0.063662	-0.083125
"2015-07-01 00:00"	0.000000	0.000000	-0.002911	-0.008954	-0.009940	-0.009910	-0.009892	-0.011164	-0.020080	-0.038416	-0.059007	-0.077327
"2015-07-02 00:00"	0.000000	0.000000	-0.002640	-0.007968	-0.008715	-0.008639	-0.008605	-0.009835	-0.018527	-0.036261	-0.056152	-0.074195
"2015-07-03 00:00"	0.000000	0.000000	-0.002801	-0.008575	-0.009469	-0.009426	-0.009408	-0.010623	-0.019489	-0.037120	-0.056864	-0.074768
"2015-07-04 00:00"	0.000000	0.000000	-0.003142	-0.009764	-0.010784	-0.010800	-0.010727	-0.011874	-0.020295	-0.036130	-0.054131	-0.071602
"2015-07-05 00:00"	0.000000	0.000000	-0.001586	-0.004404	-0.004526	-0.004542	-0.004562	-0.005742	-0.015738	-0.033778	-0.054677	-0.073007
"2015-07-06 00:00"	0.000000	0.000000	-0.002650	-0.007808	-0.008171	-0.008155	-0.008132	-0.009241	-0.023334	-0.046014	-0.072458	-0.093245
"2015-07-07 00:00"	0.000000	0.000000	-0.001899	-0.005363	-0.005528	-0.005493	-0.005472	-0.006543	-0.014998	-0.030414	-0.048198	-0.065067
"2015-07-08 00:00"	0.000000	0.000000	-0.002260	-0.006540	-0.006827	-0.006754	-0.006705	-0.007729	-0.017096	-0.033405	-0.052863	-0.070221
"2015-07-09 00:00"	0.000000	0.000000	-0.001848	-0.005321	-0.005444	-0.005478	-0.005476	-0.006511	-0.015796	-0.031638	-0.050656	-0.067770
"2015-07-10 00:00"	0.000000	0.000000	-0.002587	-0.007577	-0.008109	-0.008014	-0.007957	-0.008895	-0.017113	-0.031493	-0.048814	-0.065131
"2015-07-11 00:00"	0.000000	0.000000	-0.002807	-0.008192	-0.009024	-0.009005	-0.009012	-0.009996	-0.026725	-0.051777	-0.081436	-0.103172
"2015-07-12 00:00"	0.000000	0.000000	-0.002024	-0.005736	-0.005801	-0.005888	-0.005842	-0.006761	-0.016569	-0.033314	-0.052595	-0.066860
"2015-07-13 00:00"	0.000000	0.000000	-0.001624	-0.004385	-0.004458	-0.004441	-0.004436	-0.005362	-0.016258	-0.035051	-0.055471	-0.065753
"2015-07-14 00:00"	0.000000	0.000000	-0.002905	-0.008635	-0.009197	-0.009305	-0.009217	-0.010096	-0.018111	-0.032981	-0.049262	-0.056901
"2015-07-15 00:00"	0.000000	0.000000	-0.002793	-0.008178	-0.008957	-0.008904	-0.008880	-0.009762	-0.017594	-0.032595	-0.048511	-0.055439
"2015-07-16 00:00"	0.000000	0.000000	-0.002110	-0.006012	-0.006256	-0.006204	-0.006163	-0.007033	-0.015718	-0.031918	-0.049156	-0.056590
"2015-07-17 00:00"	0.000000	0.000000	-0.002114	-0.005892	-0.006207	-0.006202	-0.006211	-0.007083	-0.019975	-0.041554	-0.064851	-0.074853
"2015-07-18 00:00"	0.000000	0.000000	-0.002654	-0.007892	-0.008527	-0.008465	-0.008428	-0.009248	-0.016912	-0.031789	-0.047755	-0.054175
"2015-07-19 00:00"	0.000000	0.000000	-0.002000	-0.005477	-0.005660	-0.005642	-0.005635	-0.006463	-0.018502	-0.039331	-0.061832	-0.071029
"2015-07-20 00:00"	0.000000	0.000000	-0.001981	-0.005499	-0.005550	-0.005507	-0.005468	-0.006250	-0.014163	-0.029874	-0.046571	-0.052804
"2015-07-21 00:00"	0.000000	0.000000	-0.003408	-0.010385	-0.011563	-0.011519	-0.011474	-0.012237	-0.021833	-0.038921	-0.057971	-0.065215
"2015-07-22 00:00"	0.000000	0.000000	-0.001998	-0.005522	-0.005605	-0.005584	-0.005561	-0.006327	-0.014257	-0.029836	-0.046650	-0.052898
"2015-07-23 00:00"	0.000000	0.000000	-0.002374	-0.006612	-0.007007	-0.006993	-0.006992	-0.007760	-0.020941	-0.043143	-0.067821	-0.077179
"2015-07-24 00:00"	0.000000	0.000000	-0.002223	-0.006241	-0.006455	-0.006405	-0.006376	-0.007098	-0.015828	-0.032382	-0.050728	-0.057143
"2015-07-25 00:00"	0.000000	0.000000	-0.002658	-0.007746	-0.008415	-0.008350	-0.008332	-0.009049	-0.024782	-0.049720	-0.078083	-0.088961
"2015-07-26 00:00"	0.000000	0.000000	-0.001970	-0.005423	-0.005507	-0.005510	-0.005485	-0.006204	-0.013902	-0.029137	-0.045741	-0.051381
"2015-07-27 00:00"	0.000000	0.000000	-0.002735	-0.007898	-0.008518	-0.008411	-0.008343	-0.009022	-0.016107	-0.030530	-0.046460	-0.051573
"2015-07-28 00:00"	0.000000	0.000000	-0.001591	-0.004045	-0.004201	-0.004214	-0.004229	-0.004981	-0.012166	-0.027316	-0.043232	-0.048664
"2015-07-29 00:00"	0.000000	0.000000	-0.001392	-0.003356	-0.003410	-0.003390	-0.003378	-0.004101	-0.011027	-0.025919	-0.041850	-0.047047
"2015-07-30 00:00"	0.000000	0.000000	-0.001307	-0.003164	-0.003211	-0.003193	-0.003181	-0.003901	-0.010521	-0.024995	-0.040912	-0.046150
"2015-07-31 00:00"	0.000000	0.000000	-0.001224	-0.002979	-0.003020	-0.003002	-0.002990	-0.003704	-0.010033	-0.024086	-0.039933	-0.045138
"2015-08-01 00:00"	0.000000	0.000000	-0.001165	-0.002864	-0.002898	-0.002879	-0.002868	-0.003572	-0.009640	-0.023279	-0.039036	-0.044243
"2015-08-02 00:00"	0.000000	0.000000	-0.001158	-0.003132	-0.003160	-0.003140	-0.003127	-0.003820	-0.009651	-0.022858	-0.038529	-0.043743
"2015-08-03 00:00"	0.000000	0.000000	-0.001192	-0.002977	-0.003001	-0.002981	-0.002968	-0.003648	-0.009282	-0.022125	-0.037690	-0.042829
"2015-08-04 00:00"	0.000000	0.000000	-0.001300	-0.003269	-0.003291	-0.003270	-0.003256	-0.003920	-0.009364	-0.021774	-0.037350	-0.042450
"2015-08-05 00:00"	0.000000	0.000000	-0.001844	-0.005045	-0.005064	-0.005038	-0.005020	-0.005666	-0.010958	-0.023219	-0.038892	-0.044049
"2015-08-06 00:00"	0.000000	0.000000	-0.001235	-0.003631	-0.003647	-0.003624	-0.003608	-0.004236	-0.009401	-0.021083	-0.036354	-0.041446
"2015-08-07 00:00"	0.000000	0.000000	-0.001252	-0.004571	-0.004530	-0.004598	-0.004574	-0.005185	-0.010278	-0.021707	-0.036485	-0.041559
"2015-08-08 00:00"	0.000000	0.000000	-0.001838	-0.005680	-0.006030	-0.005977	-0.005941	-0.006511	-0.011501	-0.022627	-0.037021	-0.041997
"2015-08-09 00:00"	0.000000	0.000000	-0.001698	-0.005245	-0.005935	-0.005890	-0.005869	-0.006439	-0.011404	-0.022303	-0.036287	-0.041193
"2015-08-10 00:00"	0.000000	0.000000	-0.002012	-0.006123	-0.006876	-0.006830	-0.006803	-0.007350	-0.012265	-0.023051	-0.036677	-0.041531
"2015-08-11 00:00"	0.000000	0.000000	-0.002121	-0.006443	-0.007194	-0.007137	-0.007099	-0.007625	-0.012474	-0.022876	-0.036191	-0.040962
"2015-08-12 00:00"	0.000000	0.000000	-0.001173	-0.003328	-0.003400	-0.003418	-0.003417	-0.003953	-0.008747	-0.018929	-0.031983	-0.036833
"2015-08-13 00:00"	0.000000	0.000000	-0.001180	-0.003091	-0.003131	-0.003114	-0.003106	-0.003621	-0.008318	-0.018367	-0.031167	-0.035956
"2015-08-14 00:00"	0.000000	0.000000	-0.001584	-0.004795	-0.004827	-0.004792	-0.004775	-0.005266	-0.009853	-0.019980	-0.032672	-0.037401
"2015-08-15 00:00"	0.000000	0.000000	-0.001185	-0.003069	-0.003107	-0.003086	-0.003073	-0.003555	-0.008039	-0.017925	-0.030323	-0.034890
"2015-08-16 00:00"	0.000000	0.000000	-0.001571	-0.004360	-0.004383	-0.004340	-0.004315	-0.004775	-0.009142	-0.018911	-0.031081	-0.035617
"2015-08-17 00:00"	0.000000	0.000000	-0.001176	-0.003044	-0.003089	-0.003077	-0.003073	-0.003543	-0.007822	-0.017509	-0.029509	-0.034038
"2015-08-18 00:00"	0.000000	0.000000	-0.001222	-0.003205	-0.003243	-0.003219	-0.003205	-0.003655	-0.007809	-0.017375	-0.029199	-0.033562
"2015-08-19 00:00"	0.000000	0.000000	-0.002500	-0.007336	-0.007585	-0.007513	-0.007461	-0.007877	-0.011894	-0.021456	-0.033085	-0.037447
"2015-08-20 00:00"	0.000000	0.000000	-0.001620	-0.004127	-0.004253	-0.004229	-0.004224	-0.004669	-0.008614	-0.018085	-0.029407	-0.033685
"2015-08-21 00:00"	0.000000	0.000000	-0.001825	-0.004675	-0.004914	-0.004848	-0.004810	-0.005216	-0.009030	-0.018431	-0.029249	-0.033403
"2015-08-22 00:00"	0.000000	0.000000	-0.001760	-0.004399	-0.004586	-0.004569	-0.004577	-0.005013	-0.008758	-0.018079	-0.028535	-0.032664
"2015-08-23 00:00"	0.000000	0.000000	-0.002482	-0.006747	-0.007454	-0.007367	-0.007306	-0.007684	-0.011290	-0.020474	-0.030485	-0.034480
"2015-08-24 00:00"	0.000000	0.000000	-0.001828	-0.004418	-0.004514	-0.004474	-0.004462	-0.004866	-0.008397	-0.017620	-0.027329	-0.031278
"2015-08-25 00:00"	0.000000	0.000000	-0.001266	-0.003014	-0.003068	-0.003058	-0.003055	-0.003459	-0.006913	-0.016131	-0.025500	-0.029394
"2015-08-26 00:00"	0.000000	0.000000	-0.001233	-0.002885	-0.002931	-0.002912	-0.002901	-0.003287	-0.006641	-0.015725	-0.024784	-0.028489
"2015-08-27 00:00"	0.000000	0.000000	-0.001552	-0.003079	-0.003117	-0.003093	-0.003076	-0.003450	-0.006712	-0.015731	-0.024507	-0.028026
"2015-08-28 00:00"	0.000000	0.000000	-0.001816	-0.004154	-0.004182	-0.004152	-0.004141	-0.004516	-0.007706	-0.016675	-0.025229	-0.028672
"2015-08-29 00:00"	0.000000	0.000000	-0.001230	-0.002724	-0.002760	-0.002741	-0.002730	-0.003094	-0.006195	-0.015120	-0.023470	-0.026872
"2015-08-30 00:00"	0.000000	0.000000	-0.001238	-0.002688	-0.002722	-0.002703	-0.002692	-0.003048	-0.006071	-0.014950	-0.023102	-0.026456
"2015-08-31 00:00"	0.000000	0.000000	-0.001223	-0.002595	-0.002627	-0.002610	-0.002599	-0.002949	-0.005900	-0.014728	-0.022674	-0.025966
"2015-09-01 00:00"	0.000000	0.000000	-0.001294	-0.002555	-0.002575	-0.002546	-0.002526	-0.002860	-0.005727	-0.014948	-0.022729	-0.026304
"2015-09-02 00:00"	0.000000	0.000000	-0.002449	-0.005097	-0.005122	-0.005099	-0.005085	-0.005426	-0.010490	-0.025879	-0.033792	-0.040594
"2015-09-03 00:00"	0.000000	0.000000	-0.002548	-0.006639	-0.007289	-0.007210	-0.007159	-0.007463	-0.011737	-0.022024	-0.029684	-0.033750
"2015-09-04 00:00"	0.000000	0.000000	-0.001711	-0.004336	-0.004796	-0.004804	-0.004806	-0.005167	-0.008171	-0.017074	-0.024630	-0.028002
"2015-09-05 00:00"	0.000000	0.000000	-0.001239	-0.002904	-0.002997	-0.002976	-0.002963	-0.003306	-0.006869	-0.017166	-0.024771	-0.028891
"2015-09-06 00:00"	0.000000	0.000000	-0.001421	-0.003923	-0.004140	-0.004107	-0.004054	-0.004360	-0.007369	-0.015947	-0.023449	-0.026746
"2015-09-07 00:00"	0.000000	0.000000	-0.002160	-0.006328	-0.007065	-0.007069	-0.007065	-0.007443	-0.010523	-0.019886	-0.027434	-0.031229
"2015-09-08 00:00"	0.000000	0.000000	-0.002883	-0.008788	-0.010030	-0.009901	-0.009805	-0.010108	-0.014837	-0.028052	-0.035692	-0.041515
"2015-09-09 00:00"	0.000000	0.000000	-0.002226	-0.006657	-0.007365	-0.007294	-0.007262	-0.007635	-0.010720	-0.018977	-0.026562	-0.029841
"2015-09-10 00:00"	0.000000	0.000000	-0.001760	-0.005234	-0.005555	-0.005613	-0.005580	-0.005960	-0.009024	-0.017674	-0.025203	-0.028599
"2015-09-11 00:00"	0.000000	0.000000	-0.001673	-0.004996	-0.005313	-0.005379	-0.005373	-0.005792	-0.008831	-0.017330	-0.024821	-0.028172
"2015-09-12 00:00"	0.000000	0.000000	-0.001177	-0.002641	-0.002690	-0.002672	-0.002660	-0.003061	-0.005983	-0.013795	-0.021168	-0.024649
"2015-09-13 00:00"	0.000000	0.000000	-0.001074	-0.002639	-0.002698	-0.002717	-0.002694	-0.003094	-0.005912	-0.013928	-0.021208	-0.024504
"2015-09-14 00:00"	0.000000	0.000000	-0.002080	-0.007315	-0.007469	-0.007758	-0.007672	-0.008075	-0.010772	-0.018327	-0.025490	-0.028779
"2015-09-15 00:00"	0.000000	0.000000	-0.002348	-0.007122	-0.007995	-0.007968	-0.007923	-0.008332	-0.010922	-0.018369	-0.025428	-0.028684
"2015-09-16 00:00"	0.000000	0.000000	-0.002838	-0.009145	-0.010376	-0.010359	-0.010230	-0.010612	-0.013041	-0.020432	-0.027324	-0.030545
"2015-09-17 00:00"	0.000000	0.000000	-0.002595	-0.008022	-0.009037	-0.008958	-0.008910	-0.009322	-0.011675	-0.021071	-0.027824	-0.032106
"2015-09-18 00:00"	0.000000	0.000000	-0.002746	-0.008653	-0.009738	-0.009721	-0.009626	-0.010006	-0.012207	-0.019561	-0.026141	-0.029344
"2015-09-19 00:00"	0.000000	0.000000	-0.002960	-0.009262	-0.010513	-0.010391	-0.010322	-0.010714	-0.012837	-0.024076	-0.030520	-0.035774
"2015-09-20 00:00"	0.000000	0.000000	-0.002643	-0.008319	-0.009282	-0.009188	-0.009124	-0.009516	-0.011562	-0.018890	-0.025215	-0.028408
"2015-09-21 00:00"	0.000000	0.000000	-0.002730	-0.008626	-0.009595	-0.009483	-0.009407	-0.009788	-0.011748	-0.019046	-0.025231	-0.028412
"2015-09-22 00:00"	0.000000	0.000000	-0.001568	-0.004722	-0.004844	-0.004839	-0.004866	-0.005309	-0.007262	-0.018211	-0.024291	-0.029409
"2015-09-23 00:00"	0.000000	0.000000	-0.002554	-0.007967	-0.008580	-0.008661	-0.008560	-0.008905	-0.010707	-0.017942	-0.023856	-0.026999
"2015-09-24 00:00"	0.000000	0.000000	-0.002805	-0.008621	-0.009652	-0.009537	-0.009481	-0.009871	-0.014002	-0.031412	-0.037244	-0.045792
"2015-09-25 00:00"	0.000000	0.000000	-0.002477	-0.007634	-0.008340	-0.008265	-0.008181	-0.008535	-0.010714	-0.018308	-0.024126	-0.027502
"2015-09-26 00:00"	0.000000	0.000000	-0.002680	-0.008388	-0.009315	-0.009277	-0.009260	-0.009666	-0.015193	-0.026834	-0.032635	-0.038265
"2015-09-27 00:00"	0.000000	0.000000	-0.003166	-0.009811	-0.010930	-0.010772	-0.010648	-0.010995	-0.017415	-0.030017	-0.035866	-0.040522
"2015-09-28 00:00"	0.000000	0.000000	-0.002703	-0.008438	-0.009227	-0.009224	-0.009144	-0.009538	-0.011773	-0.019051	-0.024995	-0.028027
"2015-09-29 00:00"	0.000000	0.000000	-0.002631	-0.008259	-0.009060	-0.008998	-0.008944	-0.009353	-0.011788	-0.020304	-0.026320	-0.029217
"2015-09-30 00:00"	0.000000	0.000000	-0.003336	-0.010708	-0.011947	-0.012093	-0.011928	-0.012347	-0.014746	-0.022037	-0.028077	-0.030820
"2015-10-01 00:00"	0.000000	0.000000	-0.002963	-0.009332	-0.010298	-0.010339	-0.010218	-0.010639	-0.013102	-0.020411	-0.026460	-0.029082
"2015-10-02 00:00"	0.000000	0.000000	-0.002729	-0.008488	-0.009231	-0.009218	-0.009159	-0.009607	-0.012116	-0.019920	-0.025949	-0.028461
"2015-10-03 00:00"	0.000000	0.000000	-0.001862	-0.005681	-0.005746	-0.005858	-0.005808	-0.006232	-0.008727	-0.016127	-0.022082	-0.024465
"2015-10-04 00:00"	0.000000	0.000000	-0.002009	-0.006142	-0.006322	-0.006474	-0.006482	-0.006969	-0.009546	-0.017245	-0.023185	-0.025526
"2015-10-05 00:00"	0.000000	0.000000	-0.001841	-0.005350	-0.005578	-0.005525	-0.005499	-0.005940	-0.010267	-0.023120	-0.028972	-0.031195
"2015-10-06 00:00"	0.000000	0.000000	-0.002412	-0.007667	-0.008043	-0.007925	-0.007842	-0.008243	-0.012104	-0.020864	-0.026670	-0.028854
"2015-10-07 00:00"	0.000000	0.000000	-0.001351	-0.004166	-0.004212	-0.004321	-0.004312	-0.004778	-0.007977	-0.016350	-0.022190	-0.024385
"2015-10-08 00:00"	0.000000	0.000000	-0.002249	-0.006693	-0.006770	-0.006943	-0.006916	-0.007375	-0.010291	-0.017747	-0.023547	-0.025737
"2015-10-09 00:00"	0.000000	0.000000	-0.002695	-0.008301	-0.009132	-0.009088	-0.009010	-0.009438	-0.012390	-0.019705	-0.025485	-0.027605
"2015-10-10 00:00"	0.000000	0.000000	-0.002966	-0.009214	-0.010230	-0.010187	-0.010097	-0.010525	-0.013526	-0.020939	-0.026656	-0.028757
"2015-10-11 00:00"	0.000000	0.000000	-0.002329	-0.007125	-0.007600	-0.007745	-0.007728	-0.008218	-0.011318	-0.019853	-0.025559	-0.027670
"2015-10-12 00:00"	0.000000	0.000000	-0.002671	-0.008258	-0.009023	-0.008917	-0.008826	-0.009240	-0.012266	-0.019708	-0.025277	-0.027335
"2015-10-13 00:00"	0.000000	0.000000	-0.002979	-0.009125	-0.010085	-0.009989	-0.009912	-0.010345	-0.013432	-0.021880	-0.027426	-0.029457
"2015-10-14 00:00"	0.000000	0.000000	-0.002720	-0.008287	-0.009037	-0.008902	-0.008748	-0.009096	-0.013772	-0.025827	-0.031026	-0.032862
"2015-10-15 00:00"	0.000000	0.000000	-0.003677	-0.011559	-0.013082	-0.013083	-0.013009	-0.013460	-0.022870	-0.037648	-0.043257	-0.045673
"2015-10-16 00:00"	0.000000	0.000000	-0.003162	-0.009590	-0.010660	-0.010648	-0.010606	-0.011102	-0.020093	-0.035306	-0.040873	-0.043743
"2015-10-17 00:00"	0.000000	0.000000	-0.001719	-0.004930	-0.005013	-0.004992	-0.004987	-0.005514	-0.010298	-0.019626	-0.025462	-0.028144
"2015-10-18 00:00"	0.000000	0.000000	-0.002028	-0.006021	-0.005833	-0.006208	-0.006108	-0.006608	-0.010648	-0.018296	-0.024269	-0.026583
"2015-10-19 00:00"	0.000000	0.000000	-0.001424	-0.003957	-0.004071	-0.004104	-0.004129	-0.004753	-0.009985	-0.018816	-0.025008	-0.027522
"2015-10-20 00:00"	0.000000	0.000000	-0.002883	-0.008719	-0.009102	-0.009399	-0.009293	-0.009846	-0.014564	-0.021987	-0.028242	-0.030797
"2015-10-21 00:00"	0.000000	0.000000	-0.002820	-0.008458	-0.009288	-0.009289	-0.009248	-0.009900	-0.014911	-0.023669	-0.030051	-0.032709
"2015-10-22 00:00"	0.000000	0.000000	-0.003760	-0.011564	-0.013064	-0.013064	-0.012927	-0.013591	-0.018786	-0.026318	-0.032741	-0.035460
"2015-10-23 00:00"	0.000000	0.000000	-0.001974	-0.005646	-0.005919	-0.005923	-0.005935	-0.006681	-0.012034	-0.019720	-0.026198	-0.028985
"2015-10-24 00:00"	0.000000	0.000000	-0.002709	-0.008050	-0.008605	-0.008633	-0.008549	-0.009232	-0.014534	-0.022138	-0.028531	-0.031303
"2015-10-25 00:00"	0.000000	0.000000	-0.003246	-0.009694	-0.010795	-0.010711	-0.010632	-0.011361	-0.016666	-0.024211	-0.030642	-0.033405
"2015-10-26 00:00"	0.000000	0.000000	-0.002541	-0.007354	-0.007819	-0.007860	-0.007819	-0.008569	-0.013812	-0.021481	-0.027863	-0.030618
"2015-10-27 00:00"	0.000000	0.000000	-0.003695	-0.011305	-0.012700	-0.012649	-0.012547	-0.013280	-0.018386	-0.025926	-0.032234	-0.034971
"2015-10-28 00:00"	0.000000	0.000000	-0.002837	-0.008381	-0.009162	-0.009091	-0.009063	-0.009835	-0.014842	-0.022477	-0.028736	-0.031472
"2015-10-29 00:00"	0.000000	0.000000	-0.002944	-0.008653	-0.009431	-0.009473	-0.009377	-0.010111	-0.014930	-0.022473	-0.028627	-0.031312
"2015-10-30 00:00"	0.000000	0.000000	-0.003203	-0.009584	-0.010571	-0.010502	-0.010440	-0.011177	-0.015833	-0.024248	-0.030367	-0.032990
"2015-10-31 00:00"	0.000000	0.000000	-0.003728	-0.011356	-0.012723	-0.012733	-0.012639	-0.013359	-0.017829	-0.026745	-0.032761	-0.035343
"2015-11-01 00:00"	0.000000	0.000000	-0.002598	-0.007584	-0.008202	-0.008265	-0.008249	-0.008991	-0.013343	-0.021323	-0.027249	-0.029843
"2015-11-02 00:00"	0.000000	0.000000	-0.002584	-0.007479	-0.007881	-0.007901	-0.007846	-0.008512	-0.012632	-0.020188	-0.025961	-0.028457
"2015-11-03 00:00"	0.000000	0.000000	-0.002712	-0.007812	-0.008411	-0.008422	-0.008373	-0.009031	-0.012994	-0.021350	-0.027062	-0.029492
"2015-11-04 00:00"	0.000000	0.000000	-0.003374	-0.010133	-0.011210	-0.011186	-0.011067	-0.011667	-0.015425	-0.023266	-0.028825	-0.031157
"2015-11-05 00:00"	0.000000	0.000000	-0.003065	-0.008907	-0.009763	-0.009684	-0.009629	-0.010237	-0.013877	-0.021237	-0.026733	-0.029038
"2015-11-06 00:00"	0.000000	0.000000	-0.002498	-0.006970	-0.007436	-0.007404	-0.007399	-0.008016	-0.011539	-0.019027	-0.024437	-0.026702
"2015-11-07 00:00"	0.000000	0.000000	-0.002801	-0.008082	-0.008655	-0.008683	-0.008599	-0.009128	-0.012460	-0.022246	-0.027480	-0.029609
"2015-11-08 00:00"	0.000000	0.000000	-0.003713	-0.010836	-0.012178	-0.012034	-0.011959	-0.012482	-0.021994	-0.040713	-0.045976	-0.048147
"2015-11-09 00:00"	0.000000	0.000000	-0.001520	-0.003798	-0.003889	-0.003885	-0.003891	-0.004442	-0.008026	-0.016082	-0.021388	-0.023602
"2015-11-10 00:00"	0.000000	0.000000	-0.003089	-0.008864	-0.009292	-0.009358	-0.009290	-0.009792	-0.013285	-0.021235	-0.026561	-0.028783
"2015-11-11 00:00"	0.000000	0.000000	-0.002790	-0.007824	-0.008427	-0.008334	-0.008253	-0.008717	-0.014127	-0.024016	-0.029456	-0.031675
"2015-11-12 00:00"	0.000000	0.000000	-0.002542	-0.007012	-0.007549	-0.007464	-0.007420	-0.007909	-0.011530	-0.019634	-0.025100	-0.027380
"2015-11-13 00:00"	0.000000	0.000000	-0.002293	-0.006210	-0.006442	-0.006559	-0.006518	-0.006996	-0.011464	-0.020561	-0.026127	-0.028419
"2015-11-14 00:00"	0.000000	0.000000	-0.003232	-0.009335	-0.010370	-0.010289	-0.010207	-0.010671	-0.014486	-0.022587	-0.028174	-0.030486
"2015-11-15 00:00"	0.000000	0.000000	-0.003137	-0.009002	-0.009933	-0.009873	-0.009794	-0.010259	-0.014017	-0.021841	-0.027387	-0.029692
"2015-11-16 00:00"	0.000000	0.000000	-0.003292	-0.009479	-0.010472	-0.010440	-0.010371	-0.010834	-0.014699	-0.024296	-0.030000	-0.032299
"2015-11-17 00:00"	0.000000	0.000000	-0.003271	-0.009397	-0.010409	-0.010326	-0.010222	-0.010658	-0.014411	-0.022249	-0.027865	-0.030150
"2015-11-18 00:00"	0.000000	0.000000	-0.002234	-0.005986	-0.006364	-0.006349	-0.006361	-0.006856	-0.012575	-0.025844	-0.031632	-0.033918
"2015-11-19 00:00"	0.000000	0.000000	-0.003596	-0.010351	-0.011335	-0.011365	-0.011240	-0.011638	-0.015396	-0.023839	-0.029537	-0.031788
"2015-11-20 00:00"	0.000000	0.000000	-0.003819	-0.011101	-0.012479	-0.012392	-0.012315	-0.012743	-0.016531	-0.024047	-0.029826	-0.032126
"2015-11-21 00:00"	0.000000	0.000000	-0.003577	-0.010198	-0.011351	-0.011299	-0.011226	-0.011663	-0.015390	-0.023283	-0.029126	-0.031365
"2015-11-22 00:00"	0.000000	0.000000	-0.003409	-0.009637	-0.010690	-0.010668	-0.010584	-0.011013	-0.014637	-0.022556	-0.028448	-0.030647
"2015-11-23 00:00"	0.000000	0.000000	-0.002582	-0.006827	-0.007338	-0.007318	-0.007318	-0.007771	-0.011318	-0.018867	-0.024819	-0.026996
"2015-11-24 00:00"	0.000000	0.000000	-0.001849	-0.004417	-0.004338	-0.004462	-0.004405	-0.004781	-0.008113	-0.016380	-0.022294	-0.024358
"2015-11-25 00:00"	0.000000	0.000000	-0.002937	-0.007980	-0.008499	-0.008524	-0.008506	-0.008943	-0.012231	-0.020109	-0.026063	-0.028144
"2015-11-26 00:00"	0.000000	0.000000	-0.003018	-0.008235	-0.008969	-0.008964	-0.008860	-0.009205	-0.012271	-0.020339	-0.026283	-0.028220
"2015-11-27 00:00"	0.000000	0.000000	-0.003244	-0.008971	-0.009948	-0.009843	-0.009777	-0.010151	-0.013140	-0.020615	-0.026575	-0.028503
"2015-11-28 00:00"	0.000000	0.000000	-0.004017	-0.011721	-0.013221	-0.013146	-0.013068	-0.013410	-0.016244	-0.023812	-0.029760	-0.031626
"2015-11-29 00:00"	0.000000	0.000000	-0.002379	-0.006155	-0.006536	-0.006528	-0.006522	-0.006906	-0.009768	-0.021131	-0.027086	-0.028948
"2015-11-30 00:00"	0.000000	0.000000	-0.003414	-0.009580	-0.010592	-0.010525	-0.010427	-0.010727	-0.013304	-0.020691	-0.026590	-0.028354
"2015-12-01 00:00"	0.000000	0.000000	-0.002379	-0.006227	-0.006533	-0.006645	-0.006584	-0.006926	-0.009473	-0.016901	-0.022877	-0.024589
"2015-12-02 00:00"	0.000000	0.000000	-0.002794	-0.007416	-0.007953	-0.007875	-0.007826	-0.008149	-0.010799	-0.026227	-0.032184	-0.033771
"2015-12-03 00:00"	0.000000	0.000000	-0.003145	-0.008589	-0.009490	-0.009382	-0.009354	-0.009713	-0.015999	-0.028247	-0.034539	-0.036267
"2015-12-04 00:00"	0.000000	0.000000	-0.003685	-0.010553	-0.011725	-0.011721	-0.011624	-0.011922	-0.014504	-0.021776	-0.028180	-0.029799
"2015-12-05 00:00"	0.000000	0.000000	-0.003690	-0.010674	-0.011948	-0.011977	-0.011893	-0.012217	-0.014858	-0.022160	-0.028770	-0.030404
"2015-12-06 00:00"	0.000000	0.000000	-0.002791	-0.007525	-0.008119	-0.008044	-0.008016	-0.008376	-0.011056	-0.018381	-0.025183	-0.026808
"2015-12-07 00:00"	0.000000	0.000000	-0.004042	-0.011865	-0.013325	-0.013240	-0.013180	-0.013516	-0.016133	-0.023439	-0.030312	-0.031890
"2015-12-08 00:00"	0.000000	0.000000	-0.003217	-0.008931	-0.009786	-0.009824	-0.009772	-0.010119	-0.012715	-0.020036	-0.027011	-0.028581
"2015-12-09 00:00"	0.000000	0.000000	-0.002758	-0.007507	-0.008057	-0.008197	-0.008180	-0.008569	-0.011152	-0.019325	-0.026379	-0.027938
"2015-12-10 00:00"	0.000000	0.000000	-0.002715	-0.007252	-0.007641	-0.007787	-0.007694	-0.008009	-0.010447	-0.018728	-0.025765	-0.027221
"2015-12-11 00:00"	0.000000	0.000000	-0.003260	-0.008918	-0.009834	-0.009737	-0.009683	-0.010049	-0.012507	-0.022996	-0.030121	-0.031585
"2015-12-12 00:00"	0.000000	0.000000	-0.002711	-0.007285	-0.007754	-0.007874	-0.007814	-0.008163	-0.010597	-0.017873	-0.025034	-0.026461
"2015-12-13 00:00"	0.000000	0.000000	-0.002815	-0.007566	-0.008109	-0.008193	-0.008147	-0.008514	-0.010949	-0.018257	-0.025428	-0.026851
"2015-12-14 00:00"	0.000000	0.000000	-0.003253	-0.009173	-0.010114	-0.010207	-0.010167	-0.010548	-0.012967	-0.020307	-0.027469	-0.028875
"2015-12-15 00:00"	0.000000	0.000000	-0.003860	-0.010855	-0.012140	-0.011958	-0.011806	-0.012008	-0.014532	-0.027101	-0.034233	-0.035541
"2015-12-16 00:00"	0.000000	0.000000	-0.002808	-0.007607	-0.008236	-0.008186	-0.008127	-0.008493	-0.013483	-0.024971	-0.032160	-0.033416
"2015-12-17 00:00"	0.000000	0.000000	-0.002819	-0.007612	-0.008185	-0.008124	-0.008081	-0.008468	-0.011126	-0.018823	-0.026075	-0.027391
"2015-12-18 00:00"	0.000000	0.000000	-0.002898	-0.007870	-0.008448	-0.008480	-0.008412	-0.008784	-0.011361	-0.018622	-0.025896	-0.027202
"2015-12-19 00:00"	0.000000	0.000000	-0.002264	-0.005851	-0.005974	-0.006162	-0.006128	-0.006526	-0.009169	-0.017394	-0.024710	-0.025999
"2015-12-20 00:00"	0.000000	0.000000	-0.002823	-0.007625	-0.008127	-0.008260	-0.008206	-0.008610	-0.011276	-0.019144	-0.026426	-0.027694
"2015-12-21 00:00"	0.000000	0.000000	-0.002759	-0.007404	-0.007914	-0.008049	-0.007985	-0.008391	-0.011087	-0.018758	-0.026015	-0.027289
"2015-12-22 00:00"	0.000000	0.000000	-0.003265	-0.009055	-0.009949	-0.009840	-0.009786	-0.010216	-0.012927	-0.020297	-0.027487	-0.028758
"2015-12-23 00:00"	0.000000	0.000000	-0.003257	-0.009081	-0.010009	-0.009962	-0.009943	-0.010416	-0.013163	-0.020491	-0.027638	-0.028923
"2015-12-24 00:00"	0.000000	0.000000	-0.001622	-0.003769	-0.003832	-0.003812	-0.003797	-0.004252	-0.006932	-0.015628	-0.022631	-0.023859
"2015-12-25 00:00"	0.000000	0.000000	-0.002145	-0.005166	-0.005084	-0.005137	-0.005084	-0.005512	-0.008139	-0.018360	-0.025276	-0.026455
"2015-12-26 00:00"	0.000000	0.000000	-0.002621	-0.006835	-0.007106	-0.007165	-0.007169	-0.007670	-0.010395	-0.017942	-0.024808	-0.026025
"2015-12-27 00:00"	0.000000	0.000000	-0.001675	-0.003778	-0.003835	-0.003807	-0.003793	-0.004276	-0.006989	-0.016090	-0.022874	-0.024047
"2015-12-28 00:00"	0.000000	0.000000	-0.002537	-0.006508	-0.006712	-0.006821	-0.006722	-0.007160	-0.009863	-0.019112	-0.025804	-0.026931
"2015-12-29 00:00"	0.000000	0.000000	-0.003425	-0.009397	-0.010518	-0.010420	-0.010384	-0.010884	-0.014580	-0.024671	-0.031362	-0.032531
"2015-12-30 00:00"	0.000000	0.000000	-0.002431	-0.006318	-0.006786	-0.006801	-0.006808	-0.007358	-0.010374	-0.017812	-0.024427	-0.025648
"2015-12-31 00:00"	0.000000	0.000000	-0.002544	-0.006581	-0.006965	-0.006860	-0.006797	-0.007286	-0.010311	-0.019618	-0.026137	-0.027298
"2016-01-01 00:00"	0.000000	0.000000	-0.004091	-0.011690	-0.013179	-0.013000	-0.012916	-0.013415	-0.020088	-0.033815	-0.040386	-0.041571
"2016-01-02 00:00"	0.000000	0.000000	-0.004200	-0.012290	-0.013818	-0.013750	-0.013698	-0.014246	-0.017551	-0.025049	-0.031615	-0.032804
"2016-01-03 00:00"	0.000000	0.000000	-0.003674	-0.010505	-0.011663	-0.011545	-0.011513	-0.012085	-0.015490	-0.022715	-0.029256	-0.030486
"2016-01-04 00:00"	0.000000	0.000000	-0.003836	-0.011068	-0.012298	-0.012186	-0.012128	-0.012702	-0.016146	-0.023392	-0.029838	-0.031082
"2016-01-05 00:00"	0.000000	0.000000	-0.004403	-0.012908	-0.014478	-0.014338	-0.014281	-0.014864	-0.018313	-0.025515	-0.031913	-0.033145
"2016-01-06 00:00"	0.000000	0.000000	-0.002276	-0.005886	-0.006131	-0.006112	-0.006123	-0.006771	-0.010274	-0.017921	-0.024259	-0.025529
"2016-01-07 00:00"	0.000000	0.000000	-0.004367	-0.012759	-0.014177	-0.014010	-0.013919	-0.014461	-0.017828	-0.026218	-0.032370	-0.033559
"2016-01-08 00:00"	0.000000	0.000000	-0.003690	-0.010779	-0.011968	-0.011929	-0.011886	-0.012488	-0.015902	-0.024346	-0.030397	-0.031629
"2016-01-09 00:00"	0.000000	0.000000	-0.003745	-0.010931	-0.012170	-0.012032	-0.011980	-0.012566	-0.015943	-0.023073	-0.029015	-0.030226
"2016-01-10 00:00"	0.000000	0.000000	-0.004132	-0.012401	-0.013925	-0.013797	-0.013723	-0.014304	-0.017634	-0.024733	-0.030539	-0.031735
"2016-01-11 00:00"	0.000000	0.000000	-0.004109	-0.012097	-0.013646	-0.013469	-0.013435	-0.014016	-0.017304	-0.024398	-0.030067	-0.031271
"2016-01-12 00:00"	0.000000	0.000000	-0.003777	-0.011156	-0.012448	-0.012292	-0.012217	-0.012770	-0.015965	-0.023007	-0.028524	-0.029694
"2016-01-13 00:00"	0.000000	0.000000	-0.003599	-0.010548	-0.011692	-0.011552	-0.011499	-0.012041	-0.015155	-0.022181	-0.027557	-0.028718
"2016-01-14 00:00"	0.000000	0.000000	-0.002930	-0.008307	-0.009050	-0.008982	-0.008969	-0.009528	-0.012593	-0.019732	-0.024971	-0.026133
"2016-01-15 00:00"	0.000000	0.000000	-0.003848	-0.011440	-0.012674	-0.012527	-0.012469	-0.012956	-0.015850	-0.025988	-0.031040	-0.032148
"2016-01-16 00:00"	0.000000	0.000000	-0.003368	-0.009773	-0.010850	-0.010801	-0.010771	-0.011269	-0.014127	-0.021075	-0.026025	-0.027141
"2016-01-17 00:00"	0.000000	0.000000	-0.004112	-0.012282	-0.013877	-0.013815	-0.013769	-0.014240	-0.017003	-0.023909	-0.028715	-0.029800
"2016-01-18 00:00"	0.000000	0.000000	-0.003221	-0.009144	-0.010120	-0.010051	-0.010014	-0.010470	-0.013156	-0.020876	-0.025540	-0.026657
"2016-01-19 00:00"	0.000000	0.000000	-0.003340	-0.009605	-0.010675	-0.010619	-0.010577	-0.011024	-0.013637	-0.020569	-0.025102	-0.026196
"2016-01-20 00:00"	0.000000	0.000000	-0.003186	-0.009043	-0.010007	-0.010025	-0.010015	-0.010471	-0.013017	-0.019949	-0.024390	-0.025480
"2016-01-21 00:00"	0.000000	0.000000	-0.002104	-0.005249	-0.005234	-0.005291	-0.005236	-0.005619	-0.008007	-0.018595	-0.022889	-0.023897
"2016-01-22 00:00"	0.000000	0.000000	-0.002683	-0.007050	-0.007483	-0.007388	-0.007326	-0.007711	-0.010273	-0.022738	-0.026844	-0.027782
"2016-01-23 00:00"	0.000000	0.000000	-0.003931	-0.011400	-0.012983	-0.012914	-0.012861	-0.013236	-0.020875	-0.034405	-0.038659	-0.039779
"2016-01-24 00:00"	0.000000	0.000000	-0.004145	-0.012292	-0.013928	-0.013862	-0.013808	-0.014187	-0.017113	-0.024391	-0.028536	-0.029590
"2016-01-25 00:00"	0.000000	0.000000	-0.004117	-0.012117	-0.013707	-0.013647	-0.013615	-0.014007	-0.016591	-0.023442	-0.027544	-0.028646
"2016-01-26 00:00"	0.000000	0.000000	-0.003135	-0.008782	-0.009713	-0.009676	-0.009645	-0.009998	-0.020989	-0.040010	-0.043885	-0.044950
"2016-01-27 00:00"	0.000000	0.000000	-0.003022	-0.008408	-0.009164	-0.009117	-0.009062	-0.009435	-0.012954	-0.020837	-0.024943	-0.026123
"2016-01-28 00:00"	0.000000	0.000000	-0.003526	-0.010206	-0.011422	-0.011469	-0.011421	-0.011836	-0.014641	-0.021517	-0.025681	-0.026882
"2016-01-29 00:00"	0.000000	0.000000	-0.003559	-0.010222	-0.011353	-0.011349	-0.011287	-0.011690	-0.014497	-0.021370	-0.025539	-0.026770
"2016-01-30 00:00"	0.000000	0.000000	-0.003008	-0.008176	-0.008838	-0.008881	-0.008837	-0.009254	-0.012081	-0.022132	-0.026268	-0.027505
"2016-01-31 00:00"	0.000000	0.000000	-0.003547	-0.010123	-0.011233	-0.011233	-0.011167	-0.011594	-0.014522	-0.022883	-0.027100	-0.028437
"2016-02-01 00:00"	0.000000	0.000000	-0.003621	-0.010056	-0.011153	-0.011035	-0.010991	-0.011433	-0.014331	-0.021280	-0.025465	-0.026822
"2016-02-02 00:00"	0.000000	0.000000	-0.003095	-0.008543	-0.009306	-0.009346	-0.009283	-0.009714	-0.012600	-0.019558	-0.023713	-0.025090
"2016-02-03 00:00"	0.000000	0.000000	-0.004101	-0.012061	-0.013491	-0.013485	-0.013399	-0.013826	-0.016685	-0.023651	-0.027775	-0.029179
"2016-02-04 00:00"	0.000000	0.000000	-0.003376	-0.009482	-0.010477	-0.010371	-0.010348	-0.010807	-0.013667	-0.021940	-0.026078	-0.027512
"2016-02-05 00:00"	0.000000	0.000000	-0.003900	-0.011395	-0.012808	-0.012746	-0.012699	-0.013126	-0.015898	-0.022875	-0.026942	-0.028400
"2016-02-06 00:00"	0.000000	0.000000	-0.003373	-0.009608	-0.010634	-0.010715	-0.010660	-0.011084	-0.013805	-0.020794	-0.024808	-0.026271
"2016-02-07 00:00"	0.000000	0.000000	-0.002399	-0.006311	-0.006724	-0.006845	-0.006835	-0.007306	-0.010012	-0.017237	-0.021222	-0.022715
"2016-02-08 00:00"	0.000000	0.000000	-0.002224	-0.005582	-0.005613	-0.005653	-0.005574	-0.005955	-0.008480	-0.015814	-0.019673	-0.021090
"2016-02-09 00:00"	0.000000	0.000000	-0.001630	-0.003801	-0.003966	-0.004005	-0.004029	-0.004492	-0.007048	-0.015199	-0.019082	-0.020550
"2016-02-10 00:00"	0.000000	0.000000	-0.002312	-0.005798	-0.005856	-0.005827	-0.005808	-0.006221	-0.009355	-0.023437	-0.027245	-0.028655
"2016-02-11 00:00"	0.000000	0.000000	-0.003002	-0.008132	-0.008883	-0.008792	-0.008713	-0.009071	-0.015139	-0.026314	-0.030100	-0.031512
"2016-02-12 00:00"	0.000000	0.000000	-0.002556	-0.006625	-0.007271	-0.007254	-0.007260	-0.007716	-0.016798	-0.031938	-0.035816	-0.037336
"2016-02-13 00:00"	0.000000	0.000000	-0.002190	-0.005442	-0.005543	-0.005539	-0.005475	-0.005861	-0.012011	-0.023024	-0.026919	-0.028473
"2016-02-14 00:00"	0.000000	0.000000	-0.003362	-0.009580	-0.010809	-0.010813	-0.010768	-0.011201	-0.014077	-0.021237	-0.025243	-0.026962
"2016-02-15 00:00"	0.000000	0.000000	-0.003186	-0.008906	-0.009843	-0.009898	-0.009846	-0.010284	-0.013235	-0.020301	-0.024379	-0.026220
"2016-02-16 00:00"	0.000000	0.000000	-0.002998	-0.008301	-0.009157	-0.009125	-0.009086	-0.009546	-0.012556	-0.021942	-0.026133	-0.027993
"2016-02-17 00:00"	0.000000	0.000000	-0.002012	-0.004958	-0.004987	-0.005147	-0.005125	-0.005620	-0.008742	-0.016557	-0.020832	-0.022805
"2016-02-18 00:00"	0.000000	0.000000	-0.001646	-0.003750	-0.003863	-0.003878	-0.003897	-0.004433	-0.007656	-0.016597	-0.020958	-0.022992
"2016-02-19 00:00"	0.000000	0.000000	-0.003369	-0.009517	-0.010284	-0.010394	-0.010280	-0.010744	-0.014798	-0.022966	-0.027345	-0.029383
"2016-02-20 00:00"	0.000000	0.000000	-0.003379	-0.009703	-0.010919	-0.010937	-0.010955	-0.011530	-0.014965	-0.022214	-0.026689	-0.028885
"2016-02-21 00:00"	0.000000	0.000000	-0.001926	-0.004621	-0.004554	-0.004673	-0.004602	-0.005107	-0.008467	-0.015702	-0.020133	-0.022307
"2016-02-22 00:00"	0.000000	0.000000	-0.003901	-0.011450	-0.012941	-0.012861	-0.012806	-0.013339	-0.016709	-0.023861	-0.028364	-0.030532
"2016-02-23 00:00"	0.000000	0.000000	-0.002641	-0.006959	-0.007465	-0.007437	-0.007405	-0.007962	-0.011332	-0.021262	-0.025844	-0.027971
"2016-02-24 00:00"	0.000000	0.000000	-0.003161	-0.008960	-0.010018	-0.010003	-0.010004	-0.010604	-0.014030	-0.021243	-0.025834	-0.028026
"2016-02-25 00:00"	0.000000	0.000000	-0.001771	-0.004233	-0.004203	-0.004265	-0.004204	-0.004738	-0.008059	-0.016222	-0.020777	-0.022866
"2016-02-26 00:00"	0.000000	0.000000	-0.003388	-0.009712	-0.010602	-0.010699	-0.010641	-0.011203	-0.014567	-0.023156	-0.027739	-0.029830
"2016-02-27 00:00"	0.000000	0.000000	-0.003787	-0.010939	-0.012388	-0.012290	-0.012234	-0.012802	-0.016208	-0.023294	-0.027908	-0.029996
"2016-02-28 00:00"	0.000000	0.000000	-0.003750	-0.010957	-0.012375	-0.012308	-0.012266	-0.012835	-0.016245	-0.023487	-0.028073	-0.030124
"2016-02-29 00:00"	0.000000	0.000000	-0.002596	-0.007043	-0.007550	-0.007590	-0.007592	-0.008215	-0.011680	-0.018950	-0.023560	-0.025630
"2016-03-01 00:00"	0.000000	0.000000	-0.002382	-0.006331	-0.006637	-0.006692	-0.006653	-0.007231	-0.010641	-0.020266	-0.024832	-0.026849
"2016-03-02 00:00"	0.000000	0.000000	-0.001622	-0.003838	-0.003902	-0.003880	-0.003866	-0.004449	-0.007888	-0.015525	-0.020081	-0.022048
"2016-03-03 00:00"	0.000000	0.000000	-0.003449	-0.009958	-0.010844	-0.010725	-0.010645	-0.011169	-0.014586	-0.021905	-0.026411	-0.028338
"2016-03-04 00:00"	0.000000	0.000000	-0.002416	-0.006361	-0.006778	-0.006746	-0.006722	-0.007300	-0.011086	-0.021333	-0.025865	-0.027811
"2016-03-05 00:00"	0.000000	0.000000	-0.002752	-0.007505	-0.008170	-0.008149	-0.008111	-0.008673	-0.013681	-0.022338	-0.026888	-0.028801
"2016-03-06 00:00"	0.000000	0.000000	-0.003812	-0.011167	-0.012689	-0.012649	-0.012591	-0.013156	-0.025709	-0.043823	-0.048434	-0.050361
"2016-03-07 00:00"	0.000000	0.000000	-0.003753	-0.011058	-0.012445	-0.012365	-0.012313	-0.012882	-0.016840	-0.023860	-0.028582	-0.030567
"2016-03-08 00:00"	0.000000	0.000000	-0.003049	-0.008488	-0.009296	-0.009263	-0.009230	-0.009828	-0.014638	-0.024443	-0.029303	-0.031337
"2016-03-09 00:00"	0.000000	0.000000	-0.001998	-0.005126	-0.005277	-0.005280	-0.005289	-0.005941	-0.010260	-0.017705	-0.022669	-0.024796
"2016-03-10 00:00"	0.000000	0.000000	-0.002759	-0.007570	-0.007994	-0.007890	-0.007817	-0.008391	-0.012730	-0.021021	-0.026040	-0.028118
"2016-03-11 00:00"	0.000000	0.000000	-0.003288	-0.009456	-0.010699	-0.010748	-0.010666	-0.011292	-0.028063	-0.048903	-0.054666	-0.060482
"2016-03-12 00:00"	0.000000	0.000000	-0.002934	-0.008343	-0.008999	-0.008961	-0.008910	-0.009577	-0.014384	-0.021741	-0.027335	-0.029629
"2016-03-13 00:00"	0.000000	0.000000	-0.002483	-0.006731	-0.007104	-0.007145	-0.007055	-0.007703	-0.012556	-0.020466	-0.026330	-0.028634
"2016-03-14 00:00"	0.000000	0.000000	-0.002763	-0.007584	-0.008334	-0.008337	-0.008339	-0.009087	-0.014112	-0.023753	-0.029892	-0.032330
"2016-03-15 00:00"	0.000000	0.000000	-0.003651	-0.010606	-0.011791	-0.011677	-0.011578	-0.012247	-0.017239	-0.024572	-0.030888	-0.033305
"2016-03-16 00:00"	0.000000	0.000000	-0.003792	-0.011223	-0.012637	-0.012577	-0.012530	-0.013249	-0.018263	-0.025704	-0.032203	-0.034704
"2016-03-17 00:00"	0.000000	0.000000	-0.003099	-0.008939	-0.009917	-0.009938	-0.009938	-0.010717	-0.015715	-0.023314	-0.029995	-0.032533
"2016-03-18 00:00"	0.000000	0.000000	-0.003413	-0.009783	-0.010818	-0.010700	-0.010611	-0.011291	-0.018541	-0.033860	-0.040639	-0.043048
"2016-03-19 00:00"	0.000000	0.000000	-0.002652	-0.007415	-0.007995	-0.008046	-0.007989	-0.008718	-0.013761	-0.021529	-0.028559	-0.031043
"2016-03-20 00:00"	0.000000	0.000000	-0.003560	-0.010431	-0.011678	-0.011648	-0.011643	-0.012414	-0.021396	-0.034766	-0.042139	-0.045689
"2016-03-21 00:00"	0.000000	0.000000	-0.002822	-0.007769	-0.008345	-0.008249	-0.008176	-0.008863	-0.018507	-0.032727	-0.045698	-0.050824
"2016-03-22 00:00"	0.000000	0.000000	-0.001596	-0.003832	-0.003952	-0.003976	-0.004002	-0.004796	-0.011215	-0.020395	-0.030109	-0.033368
"2016-03-23 00:00"	0.000000	0.000000	-0.002016	-0.005491	-0.005497	-0.005674	-0.005619	-0.006378	-0.011705	-0.019746	-0.028845	-0.031756
"2016-03-24 00:00"	0.000000	0.000000	-0.002091	-0.005576	-0.005531	-0.005748	-0.005693	-0.006456	-0.012190	-0.021135	-0.031042	-0.034036
"2016-03-25 00:00"	0.000000	0.000000	-0.003236	-0.009520	-0.010433	-0.010434	-0.010331	-0.011048	-0.016694	-0.026016	-0.036188	-0.039345
"2016-03-26 00:00"	0.000000	0.000000	-0.003577	-0.010633	-0.012028	-0.011972	-0.011921	-0.012672	-0.017783	-0.028094	-0.038947	-0.042005
"2016-03-27 00:00"	0.000000	0.000000	-0.001699	-0.004345	-0.004502	-0.004519	-0.004537	-0.005331	-0.010370	-0.022472	-0.033811	-0.036874
"2016-03-28 00:00"	0.000000	0.000000	-0.003466	-0.010300	-0.011263	-0.011296	-0.011208	-0.011926	-0.019476	-0.033652	-0.045916	-0.050443
"2016-03-29 00:00"	0.000000	0.000000	-0.003798	-0.011167	-0.012694	-0.012614	-0.012548	-0.013288	-0.021301	-0.036050	-0.050892	-0.055907
"2016-03-30 00:00"	0.000000	0.000000	-0.004455	-0.013409	-0.015335	-0.015234	-0.015162	-0.015887	-0.021002	-0.031062	-0.042548	-0.045779
"2016-03-31 00:00"	0.000000	0.000000	-0.002562	-0.007094	-0.007577	-0.007621	-0.007585	-0.008334	-0.013452	-0.023822	-0.035238	-0.038481
"2016-04-01 00:00"	0.000000	0.000000	-0.004335	-0.012996	-0.014809	-0.014711	-0.014642	-0.015355	-0.020350	-0.030211	-0.041475	-0.044709
"2016-04-02 00:00"	0.000000	0.000000	-0.001847	-0.004672	-0.004909	-0.004927	-0.004956	-0.005740	-0.010655	-0.022021	-0.033476	-0.036720
"2016-04-03 00:00"	0.000000	0.000000	-0.002317	-0.006297	-0.006328	-0.006266	-0.006213	-0.006908	-0.011966	-0.024401	-0.035502	-0.039597
"2016-04-04 00:00"	0.000000	0.000000	-0.003493	-0.010190	-0.011399	-0.011337	-0.011323	-0.012008	-0.028431	-0.053933	-0.075093	-0.086205
"2016-04-05 00:00"	0.000000	0.000000	-0.002163	-0.005727	-0.005842	-0.005767	-0.005707	-0.006379	-0.013679	-0.027225	-0.040660	-0.045438
"2016-04-06 00:00"	0.000000	0.000000	-0.003248	-0.009438	-0.010497	-0.010515	-0.010325	-0.010755	-0.028835	-0.052054	-0.077857	-0.087720
"2016-04-07 00:00"	0.000000	0.000000	-0.003838	-0.011612	-0.013112	-0.013049	-0.012992	-0.013734	-0.019209	-0.030142	-0.042104	-0.045696
"2016-04-08 00:00"	0.000000	0.000000	-0.004099	-0.012408	-0.014051	-0.013937	-0.013892	-0.014686	-0.020970	-0.033830	-0.046249	-0.050788
"2016-04-09 00:00"	0.000000	0.000000	-0.003376	-0.010021	-0.011152	-0.011191	-0.011140	-0.011969	-0.017604	-0.029250	-0.041736	-0.045474
"2016-04-10 00:00"	0.000000	0.000000	-0.001885	-0.004906	-0.004983	-0.005108	-0.005087	-0.005952	-0.011583	-0.023687	-0.036287	-0.040209
"2016-04-11 00:00"	0.000000	0.000000	-0.002050	-0.005485	-0.005578	-0.005605	-0.005622	-0.006533	-0.012209	-0.025522	-0.038131	-0.042703
"2016-04-12 00:00"	0.000000	0.000000	-0.002460	-0.006805	-0.007008	-0.006912	-0.006838	-0.007680	-0.017311	-0.034241	-0.049760	-0.056092
"2016-04-13 00:00"	0.000000	0.000000	-0.002412	-0.006650	-0.007157	-0.007174	-0.007197	-0.008132	-0.018493	-0.036286	-0.056024	-0.062914
"2016-04-14 00:00"	0.000000	0.000000	-0.001821	-0.004720	-0.004692	-0.004762	-0.004704	-0.005593	-0.012016	-0.024851	-0.038543	-0.042792
"2016-04-15 00:00"	0.000000	0.000000	-0.002958	-0.008535	-0.009173	-0.009102	-0.009062	-0.009994	-0.018580	-0.034005	-0.050766	-0.056365
"2016-04-16 00:00"	0.000000	0.000000	-0.004016	-0.012370	-0.014048	-0.013950	-0.013898	-0.014842	-0.021629	-0.033762	-0.048082	-0.052499
"2016-04-17 00:00"	0.000000	0.000000	-0.001955	-0.005264	-0.005444	-0.005452	-0.005465	-0.006470	-0.013013	-0.025424	-0.039109	-0.043609
"2016-04-18 00:00"	0.000000	0.000000	-0.001782	-0.004716	-0.004799	-0.004790	-0.004786	-0.005766	-0.014028	-0.029198	-0.044707	-0.050384
"2016-04-19 00:00"	0.000000	0.000000	-0.002277	-0.006220	-0.006169	-0.006267	-0.006202	-0.007134	-0.016915	-0.033112	-0.052211	-0.058486
"2016-04-20 00:00"	0.000000	0.000000	-0.003765	-0.011570	-0.012973	-0.012911	-0.012864	-0.013828	-0.022509	-0.036769	-0.053496	-0.059114
"2016-04-21 00:00"	0.000000	0.000000	-0.003527	-0.010564	-0.011861	-0.011789	-0.011740	-0.012713	-0.019238	-0.030666	-0.044584	-0.048756
"2016-04-22 00:00"	0.000000	0.000000	-0.003876	-0.011758	-0.013314	-0.013241	-0.013166	-0.014122	-0.020541	-0.032115	-0.045662	-0.049964
"2016-04-23 00:00"	0.000000	0.000000	-0.002596	-0.007415	-0.007998	-0.008009	-0.008019	-0.009027	-0.015317	-0.029564	-0.043181	-0.048798
"2016-04-24 00:00"	0.000000	0.000000	-0.004363	-0.013327	-0.015221	-0.015072	-0.014976	-0.015850	-0.030881	-0.055142	-0.078963	-0.088891
"2016-04-25 00:00"	0.000000	0.000000	-0.003294	-0.009704	-0.010788	-0.010734	-0.010690	-0.011646	-0.018047	-0.029906	-0.043440	-0.047664
"2016-04-26 00:00"	0.000000	0.000000	-0.004021	-0.012307	-0.013870	-0.013798	-0.013745	-0.014690	-0.021146	-0.032610	-0.045989	-0.050294
"2016-04-27 00:00"	0.000000	0.000000	-0.004029	-0.012223	-0.013796	-0.013714	-0.013669	-0.014622	-0.020973	-0.032338	-0.045706	-0.049937
"2016-04-28 00:00"	0.000000	0.000000	-0.003452	-0.010332	-0.011462	-0.011430	-0.011416	-0.012371	-0.018580	-0.029928	-0.042956	-0.047356
"2016-04-29 00:00"	0.000000	0.000000	-0.002879	-0.008231	-0.008903	-0.008934	-0.008796	-0.009552	-0.020645	-0.042217	-0.058755	-0.069128
"2016-04-30 00:00"	0.000000	0.000000	-0.002604	-0.007382	-0.007917	-0.007909	-0.007905	-0.008838	-0.015113	-0.027306	-0.040127	-0.046918
"2016-05-01 00:00"	0.000000	0.000000	-0.003462	-0.010243	-0.011306	-0.011183	-0.011089	-0.011928	-0.018025	-0.029782	-0.042650	-0.049190
"2016-05-02 00:00"	0.000000	0.000000	-0.003475	-0.010253	-0.011383	-0.011341	-0.011306	-0.012166	-0.018233	-0.030250	-0.043203	-0.049844
"2016-05-03 00:00"	0.000000	0.000000	-0.002197	-0.006008	-0.006225	-0.006222	-0.006227	-0.007098	-0.016006	-0.031833	-0.045896	-0.054482
"2016-05-04 00:00"	0.000000	0.000000	-0.003432	-0.010178	-0.011245	-0.011150	-0.011073	-0.011853	-0.020008	-0.033980	-0.048774	-0.056187
"2016-05-05 00:00"	0.000000	0.000000	-0.002070	-0.005662	-0.005806	-0.005921	-0.005912	-0.006748	-0.012760	-0.024251	-0.037091	-0.043717
"2016-05-06 00:00"	0.000000	0.000000	-0.003109	-0.009095	-0.009966	-0.009906	-0.009821	-0.010550	-0.016328	-0.027832	-0.040541	-0.046947
"2016-05-07 00:00"	0.000000	0.000000	-0.003670	-0.010976	-0.012290	-0.012229	-0.012191	-0.012946	-0.018634	-0.029361	-0.041741	-0.047664
"2016-05-08 00:00"	0.000000	0.000000	-0.002875	-0.008279	-0.009033	-0.008980	-0.008944	-0.009668	-0.015122	-0.027132	-0.039350	-0.045727
"2016-05-09 00:00"	0.000000	0.000000	-0.001978	-0.005274	-0.005301	-0.005363	-0.005337	-0.006043	-0.011361	-0.022218	-0.034073	-0.040027
"2016-05-10 00:00"	0.000000	0.000000	-0.003070	-0.008962	-0.009754	-0.009697	-0.009653	-0.010327	-0.015488	-0.025957	-0.037465	-0.043214
"2016-05-11 00:00"	0.000000	0.000000	-0.002502	-0.006889	-0.007287	-0.007265	-0.007242	-0.007911	-0.012893	-0.024540	-0.035895	-0.042169
"2016-05-12 00:00"	0.000000	0.000000	-0.002775	-0.007930	-0.008613	-0.008589	-0.008566	-0.009216	-0.014107	-0.024014	-0.034953	-0.040372
"2016-05-13 00:00"	0.000000	0.000000	-0.002400	-0.006772	-0.006996	-0.007035	-0.006990	-0.007597	-0.012343	-0.022473	-0.033147	-0.038693
"2016-05-14 00:00"	0.000000	0.000000	-0.003003	-0.008696	-0.009413	-0.009501	-0.009405	-0.009959	-0.014551	-0.025706	-0.036164	-0.041978
"2016-05-15 00:00"	0.000000	0.000000	-0.001654	-0.004336	-0.004419	-0.004498	-0.004482	-0.005063	-0.009635	-0.019334	-0.029611	-0.034931
"2016-05-16 00:00"	0.000000	0.000000	-0.002019	-0.005423	-0.005467	-0.005499	-0.005481	-0.006041	-0.010531	-0.020450	-0.030527	-0.035764
"2016-05-17 00:00"	0.000000	0.000000	-0.002492	-0.006934	-0.007164	-0.007155	-0.007155	-0.007716	-0.012794	-0.024005	-0.033956	-0.039710
"2016-05-18 00:00"	0.000000	0.000000	-0.001803	-0.004679	-0.004720	-0.004670	-0.004630	-0.005125	-0.009961	-0.020799	-0.030679	-0.036229
"2016-05-19 00:00"	0.000000	0.000000	-0.003014	-0.008688	-0.009470	-0.009419	-0.009370	-0.009862	-0.014257	-0.023437	-0.033078	-0.037708
"2016-05-20 00:00"	0.000000	0.000000	-0.003711	-0.011057	-0.012359	-0.012351	-0.012279	-0.012741	-0.017087	-0.025932	-0.035423	-0.039816
"2016-05-21 00:00"	0.000000	0.000000	-0.002609	-0.007195	-0.007732	-0.007687	-0.007685	-0.008192	-0.014493	-0.029009	-0.038226	-0.045574
"2016-05-22 00:00"	0.000000	0.000000	-0.003144	-0.009316	-0.010311	-0.010252	-0.010226	-0.010709	-0.015264	-0.024461	-0.033815	-0.038144
"2016-05-23 00:00"	0.000000	0.000000	-0.003171	-0.009328	-0.010272	-0.010270	-0.010232	-0.010695	-0.015222	-0.025865	-0.035126	-0.040289
"2016-05-24 00:00"	0.000000	0.000000	-0.003294	-0.009593	-0.010633	-0.010527	-0.010443	-0.010858	-0.015071	-0.024558	-0.033794	-0.038192
"2016-05-25 00:00"	0.000000	0.000000	-0.001581	-0.003822	-0.003950	-0.003974	-0.003997	-0.004499	-0.008737	-0.017342	-0.026557	-0.030470
"2016-05-26 00:00"	0.000000	0.000000	-0.002159	-0.005804	-0.005787	-0.005823	-0.005770	-0.006193	-0.010234	-0.019043	-0.028154	-0.031837
"2016-05-27 00:00"	0.000000	0.000000	-0.003479	-0.010303	-0.011380	-0.011342	-0.011297	-0.011741	-0.015679	-0.024404	-0.033441	-0.037043
"2016-05-28 00:00"	0.000000	0.000000	-0.003229	-0.009422	-0.010508	-0.010463	-0.010426	-0.010872	-0.014679	-0.023002	-0.031811	-0.035433
"2016-05-29 00:00"	0.000000	0.000000	-0.001947	-0.004981	-0.005021	-0.005046	-0.005044	-0.005509	-0.009183	-0.018637	-0.027236	-0.031517
"2016-05-30 00:00"	0.000000	0.000000	-0.003035	-0.008515	-0.009220	-0.009111	-0.009040	-0.009441	-0.012880	-0.025310	-0.033961	-0.039518
"2016-05-31 00:00"	0.000000	0.000000	-0.003024	-0.008570	-0.009411	-0.009446	-0.009405	-0.009854	-0.013314	-0.021664	-0.030044	-0.033605
"2016-06-01 00:00"	0.000000	0.000000	-0.003184	-0.009001	-0.009932	-0.009827	-0.009762	-0.010171	-0.013500	-0.021574	-0.029760	-0.033273
"2016-06-02 00:00"	0.000000	0.000000	-0.003512	-0.010118	-0.011312	-0.011218	-0.011168	-0.011590	-0.014841	-0.022620	-0.030651	-0.034159
"2016-06-03 00:00"	0.000000	0.000000	-0.002084	-0.005333	-0.005591	-0.005589	-0.005598	-0.006061	-0.009240	-0.022009	-0.030015	-0.036127
"2016-06-04 00:00"	0.000000	0.000000	-0.002133	-0.005439	-0.005563	-0.005535	-0.005515	-0.005940	-0.009361	-0.021135	-0.029208	-0.034329
"2016-06-05 00:00"	0.000000	0.000000	-0.002273	-0.005808	-0.006034	-0.005999	-0.005969	-0.006382	-0.009632	-0.018527	-0.026391	-0.029935
"2016-06-06 00:00"	0.000000	0.000000	-0.003448	-0.009892	-0.011084	-0.010987	-0.010919	-0.011312	-0.014518	-0.022911	-0.030636	-0.034052
"2016-06-07 00:00"	0.000000	0.000000	-0.002819	-0.007600	-0.008352	-0.008295	-0.008259	-0.008691	-0.015154	-0.029144	-0.037005	-0.043512
"2016-06-08 00:00"	0.000000	0.000000	-0.002752	-0.007476	-0.008065	-0.008149	-0.008091	-0.008512	-0.011849	-0.020462	-0.028226	-0.031624
"2016-06-09 00:00"	0.000000	0.000000	-0.002903	-0.007873	-0.008642	-0.008556	-0.008510	-0.008947	-0.014541	-0.027505	-0.035541	-0.041207
"2016-06-10 00:00"	0.000000	0.000000	-0.003159	-0.008907	-0.009871	-0.009811	-0.009755	-0.010179	-0.013599	-0.022070	-0.029980	-0.033337
"2016-06-11 00:00"	0.000000	0.000000	-0.002841	-0.007792	-0.008460	-0.008433	-0.008410	-0.008872	-0.013135	-0.025153	-0.033317	-0.038706
"2016-06-12 00:00"	0.000000	0.000000	-0.002016	-0.005064	-0.005025	-0.005251	-0.005228	-0.005711	-0.009221	-0.019125	-0.027426	-0.031376
"2016-06-13 00:00"	0.000000	0.000000	-0.001794	-0.004241	-0.004300	-0.004266	-0.004240	-0.004710	-0.008225	-0.018754	-0.027142	-0.031250
"2016-06-14 00:00"	0.000000	0.000000	-0.001507	-0.003418	-0.003483	-0.003473	-0.003470	-0.003976	-0.008038	-0.019221	-0.027871	-0.032280
"2016-06-15 00:00"	0.000000	0.000000	-0.002023	-0.004841	-0.004879	-0.004836	-0.004797	-0.005293	-0.011851	-0.026312	-0.034803	-0.041054
