"2015-06-16 00:00"	0.000000	1.63e-07	7.59e-06	2.72e-06	1.73e-05	1.22e-05	8.56e-06	-0.003261	-0.005660	-0.008141	-0.003083	-0.006861
"2015-06-17 00:00"	0.000000	1.79e-07	9.53e-06	3.53e-06	2.41e-05	1.75e-05	1.41e-05	-0.003271	-0.005639	-0.008219	-0.003145	-0.006861
"2015-06-18 00:00"	0.000000	1.63e-07	8.81e-06	3.27e-06	2.27e-05	1.65e-05	1.34e-05	-0.003289	-0.005595	-0.008353	-0.003251	-0.006861
"2015-06-19 00:00"	0.000000	1.20e-07	6.41e-06	2.28e-06	1.57e-05	1.19e-05	8.26e-06	-0.003309	-0.005502	-0.008478	-0.003311	-0.006863
"2015-06-20 00:00"	0.000000	1.06e-07	6.31e-06	2.25e-06	1.55e-05	1.19e-05	7.98e-06	-0.003325	-0.005409	-0.008569	-0.003355	-0.006849
"2015-06-21 00:00"	0.000000	1.16e-07	7.23e-06	2.58e-06	1.78e-05	1.40e-05	8.55e-06	-0.003339	-0.005394	-0.008579	-0.003392	-0.006812
"2015-06-22 00:00"	0.000000	1.16e-07	7.18e-06	2.55e-06	1.78e-05	1.38e-05	8.91e-06	-0.003351	-0.005411	-0.008579	-0.003427	-0.006801
"2015-06-23 00:00"	0.000000	1.22e-07	7.89e-06	2.87e-06	2.01e-05	1.55e-05	1.01e-05	-0.003361	-0.005289	-0.008580	-0.003457	-0.006591
"2015-06-24 00:00"	0.000000	9.89e-08	5.66e-06	2.03e-06	1.43e-05	1.11e-05	7.28e-06	-0.003367	-0.005044	-0.008580	-0.003480	-0.006229
"2015-06-25 00:00"	0.000000	9.47e-08	6.95e-06	2.52e-06	1.77e-05	1.41e-05	8.19e-06	-0.003374	-0.004826	-0.008578	-0.003495	-0.005913
"2015-06-26 00:00"	0.000000	1.40e-07	9.29e-06	3.58e-06	2.52e-05	2.05e-05	1.08e-05	-0.003379	-0.004809	-0.008577	-0.003505	-0.005838
"2015-06-27 00:00"	0.000000	1.16e-07	7.52e-06	2.77e-06	1.96e-05	1.56e-05	9.05e-06	-0.003385	-0.004884	-0.008579	-0.003516	-0.005919
"2015-06-28 00:00"	0.000000	1.16e-07	7.61e-06	2.80e-06	2.00e-05	1.58e-05	9.69e-06	-0.003390	-0.004878	-0.008580	-0.003524	-0.005901
"2015-06-29 00:00"	0.000000	1.27e-07	8.36e-06	3.11e-06	2.19e-05	1.76e-05	1.02e-05	-0.003393	-0.004777	-0.008579	-0.003527	-0.005753
"2015-06-30 00:00"	0.000000	1.23e-07	8.13e-06	2.99e-06	2.13e-05	1.69e-05	1.02e-05	-0.003397	-0.004684	-0.008580	-0.003529	-0.005592
"2015-07-01 00:00"	0.000000	1.36e-07	8.77e-06	3.27e-06	2.33e-05	1.86e-05	1.13e-05	-0.003401	-0.004544	-0.008579	-0.003526	-0.005383
"2015-07-02 00:00"	0.000000	1.29e-07	8.34e-06	3.08e-06	2.19e-05	1.74e-05	1.06e-05	-0.003403	-0.004353	-0.008580	-0.003519	-0.005126
"2015-07-03 00:00"	0.000000	1.34e-07	8.70e-06	3.22e-06	2.30e-05	1.84e-05	1.12e-05	-0.003404	-0.004141	-0.008579	-0.003508	-0.004852
"2015-07-04 00:00"	0.000000	1.40e-07	9.18e-06	3.38e-06	2.42e-05	1.94e-05	1.18e-05	-0.003404	-0.003932	-0.008576	-0.003492	-0.004584
"2015-07-05 00:00"	0.000000	1.00e-07	6.18e-06	2.18e-06	1.56e-05	1.27e-05	7.70e-06	-0.003401	-0.003728	-0.008566	-0.003471	-0.004323
"2015-07-06 00:00"	0.000000	1.33e-07	8.60e-06	3.06e-06	2.19e-05	1.80e-05	1.04e-05	-0.003402	-0.003572	-0.008557	-0.003448	-0.004107
"2015-07-07 00:00"	0.000000	1.09e-07	6.71e-06	2.36e-06	1.69e-05	1.37e-05	8.49e-06	-0.003401	-0.003470	-0.008546	-0.003425	-0.003943
"2015-07-08 00:00"	0.000000	1.21e-07	7.69e-06	2.73e-06	1.95e-05	1.59e-05	9.65e-06	-0.003399	-0.003366	-0.008529	-0.003397	-0.003780
"2015-07-09 00:00"	0.000000	1.07e-07	6.78e-06	2.36e-06	1.72e-05	1.40e-05	8.57e-06	-0.003398	-0.003267	-0.008513	-0.003367	-0.003626
"2015-07-10 00:00"	0.000000	1.29e-07	8.21e-06	2.95e-06	2.12e-05	1.72e-05	1.06e-05	-0.003394	-0.003172	-0.008492	-0.003334	-0.003479
"2015-07-11 00:00"	0.000000	1.38e-07	8.71e-06	3.20e-06	2.30e-05	1.92e-05	1.10e-05	-0.003390	-0.003083	-0.008466	-0.003297	-0.003340
"2015-07-12 00:00"	0.000000	1.13e-07	7.13e-06	2.45e-06	1.79e-05	1.47e-05	8.88e-06	-0.003387	-0.003053	-0.008446	-0.003266	-0.003251
"2015-07-13 00:00"	0.000000	1.02e-07	6.18e-06	2.14e-06	1.54e-05	1.28e-05	7.57e-06	-0.003383	-0.003036	-0.008423	-0.003260	-0.003174
"2015-07-14 00:00"	0.000000	1.36e-07	8.62e-06	3.05e-06	2.24e-05	1.81e-05	1.13e-05	-0.003379	-0.003022	-0.008402	-0.003261	-0.003104
"2015-07-15 00:00"	0.000000	1.34e-07	8.37e-06	3.02e-06	2.19e-05	1.79e-05	1.12e-05	-0.003372	-0.002987	-0.008378	-0.003261	-0.003024
"2015-07-16 00:00"	0.000000	1.16e-07	7.16e-06	2.50e-06	1.81e-05	1.48e-05	9.18e-06	-0.003365	-0.002931	-0.008355	-0.003261	-0.002932
"2015-07-17 00:00"	0.000000	1.17e-07	7.05e-06	2.47e-06	1.80e-05	1.50e-05	8.79e-06	-0.003358	-0.002878	-0.008334	-0.003260	-0.002847
"2015-07-18 00:00"	0.000000	1.28e-07	8.08e-06	2.87e-06	2.09e-05	1.71e-05	1.08e-05	-0.003351	-0.002842	-0.008316	-0.003261	-0.002777
"2015-07-19 00:00"	0.000000	1.14e-07	6.87e-06	2.38e-06	1.73e-05	1.45e-05	8.53e-06	-0.003343	-0.002802	-0.008297	-0.003260	-0.002706
"2015-07-20 00:00"	0.000000	1.12e-07	6.88e-06	2.34e-06	1.71e-05	1.40e-05	8.75e-06	-0.003336	-0.002771	-0.008285	-0.003261	-0.002645
"2015-07-21 00:00"	0.000000	1.48e-07	9.51e-06	3.43e-06	2.51e-05	2.07e-05	1.28e-05	-0.003327	-0.002737	-0.008271	-0.003260	-0.002584
"2015-07-22 00:00"	0.000000	1.13e-07	6.93e-06	2.36e-06	1.73e-05	1.43e-05	8.90e-06	-0.003317	-0.002696	-0.008258	-0.003261	-0.002522
"2015-07-23 00:00"	0.000000	1.27e-07	7.85e-06	2.75e-06	2.02e-05	1.69e-05	9.90e-06	-0.003308	-0.002655	-0.008246	-0.003259	-0.002460
"2015-07-24 00:00"	0.000000	1.20e-07	7.44e-06	2.56e-06	1.88e-05	1.55e-05	9.54e-06	-0.003301	-0.002637	-0.008241	-0.003261	-0.002416
"2015-07-25 00:00"	0.000000	1.31e-07	8.19e-06	2.89e-06	2.12e-05	1.78e-05	1.03e-05	-0.003292	-0.002627	-0.008233	-0.003259	-0.002379
"2015-07-26 00:00"	0.000000	1.12e-07	6.72e-06	2.28e-06	1.68e-05	1.39e-05	8.64e-06	-0.003283	-0.002654	-0.008229	-0.003261	-0.002367
"2015-07-27 00:00"	0.000000	1.34e-07	8.25e-06	2.90e-06	2.13e-05	1.74e-05	1.10e-05	-0.003273	-0.002664	-0.008223	-0.003261	-0.002347
"2015-07-28 00:00"	0.000000	1.02e-07	5.84e-06	2.00e-06	1.48e-05	1.22e-05	7.69e-06	-0.003263	-0.002649	-0.008216	-0.003261	-0.002314
"2015-07-29 00:00"	0.000000	9.61e-08	5.30e-06	1.79e-06	1.33e-05	1.09e-05	6.83e-06	-0.003157	-0.002617	-0.008214	-0.003262	-0.002271
"2015-07-30 00:00"	0.000000	9.24e-08	5.11e-06	1.72e-06	1.28e-05	1.05e-05	6.63e-06	-0.002913	-0.002574	-0.008210	-0.003262	-0.002223
"2015-07-31 00:00"	0.000000	8.87e-08	4.93e-06	1.66e-06	1.24e-05	1.01e-05	6.43e-06	-0.002689	-0.002523	-0.008204	-0.003262	-0.002169
"2015-08-01 00:00"	0.000000	8.58e-08	4.82e-06	1.62e-06	1.21e-05	9.81e-06	6.31e-06	-0.002502	-0.002466	-0.008195	-0.003262	-0.002111
"2015-08-02 00:00"	0.000000	8.38e-08	5.08e-06	1.70e-06	1.28e-05	1.03e-05	6.65e-06	-0.002351	-0.002406	-0.008184	-0.003262	-0.002050
"2015-08-03 00:00"	0.000000	8.69e-08	4.94e-06	1.65e-06	1.24e-05	1.00e-05	6.48e-06	-0.002232	-0.002345	-0.008170	-0.003262	-0.001987
"2015-08-04 00:00"	0.000000	9.15e-08	5.21e-06	1.74e-06	1.31e-05	1.06e-05	6.84e-06	-0.002142	-0.002284	-0.008154	-0.003262	-0.001923
"2015-08-05 00:00"	0.000000	1.09e-07	6.53e-06	2.17e-06	1.65e-05	1.32e-05	8.57e-06	-0.002078	-0.002223	-0.008132	-0.003262	-0.001859
"2015-08-06 00:00"	0.000000	8.70e-08	5.55e-06	1.84e-06	1.40e-05	1.12e-05	7.28e-06	-0.002044	-0.002166	-0.007931	-0.003262	-0.001795
"2015-08-07 00:00"	0.000000	8.46e-08	6.26e-06	2.06e-06	1.59e-05	1.27e-05	8.23e-06	-0.002034	-0.002110	-0.007548	-0.003262	-0.001731
"2015-08-08 00:00"	0.000000	1.08e-07	6.96e-06	2.39e-06	1.82e-05	1.45e-05	9.42e-06	-0.002040	-0.002057	-0.007174	-0.003262	-0.001668
"2015-08-09 00:00"	0.000000	1.05e-07	6.62e-06	2.38e-06	1.82e-05	1.45e-05	9.44e-06	-0.002056	-0.002007	-0.006841	-0.003262	-0.001605
"2015-08-10 00:00"	0.000000	1.17e-07	7.17e-06	2.55e-06	1.95e-05	1.56e-05	1.01e-05	-0.002072	-0.001960	-0.006551	-0.003262	-0.001544
"2015-08-11 00:00"	0.000000	1.22e-07	7.36e-06	2.60e-06	1.99e-05	1.59e-05	1.03e-05	-0.002079	-0.001915	-0.006300	-0.003262	-0.001484
"2015-08-12 00:00"	0.000000	9.14e-08	5.28e-06	1.76e-06	1.36e-05	1.10e-05	7.08e-06	-0.002067	-0.001874	-0.006080	-0.003262	-0.001425
"2015-08-13 00:00"	0.000000	9.52e-08	5.08e-06	1.69e-06	1.30e-05	1.04e-05	6.72e-06	-0.002034	-0.001835	-0.005886	-0.003262	-0.001367
"2015-08-14 00:00"	0.000000	1.09e-07	6.25e-06	2.07e-06	1.59e-05	1.28e-05	8.29e-06	-0.001987	-0.001798	-0.005715	-0.003262	-0.001310
"2015-08-15 00:00"	0.000000	9.93e-08	5.06e-06	1.68e-06	1.29e-05	1.04e-05	6.70e-06	-0.001935	-0.001764	-0.005567	-0.003263	-0.001256
"2015-08-16 00:00"	0.000000	1.16e-07	6.08e-06	2.00e-06	1.54e-05	1.24e-05	8.03e-06	-0.001877	-0.001733	-0.005436	-0.003263	-0.001202
"2015-08-17 00:00"	0.000000	1.03e-07	5.03e-06	1.67e-06	1.29e-05	1.04e-05	6.74e-06	-0.001814	-0.001703	-0.005319	-0.003263	-0.001150
"2015-08-18 00:00"	0.000000	1.07e-07	5.18e-06	1.71e-06	1.32e-05	1.06e-05	6.91e-06	-0.001749	-0.001676	-0.005213	-0.003263	-0.001100
"2015-08-19 00:00"	0.000000	1.69e-07	7.86e-06	2.63e-06	2.02e-05	1.63e-05	1.07e-05	-0.001682	-0.001650	-0.005115	-0.003262	-0.001051
"2015-08-20 00:00"	0.000000	1.52e-07	5.91e-06	1.97e-06	1.52e-05	1.23e-05	8.10e-06	-0.001618	-0.001627	-0.005027	-0.003263	-0.001003
"2015-08-21 00:00"	0.000000	1.82e-07	6.21e-06	2.09e-06	1.61e-05	1.30e-05	8.52e-06	-0.001557	-0.001605	-0.004945	-0.003263	-9.57e-04
"2015-08-22 00:00"	0.000000	1.97e-07	6.08e-06	2.04e-06	1.58e-05	1.28e-05	8.48e-06	-0.001499	-0.001584	-0.004867	-0.003263	-9.12e-04
"2015-08-23 00:00"	0.000000	2.48e-07	7.45e-06	2.58e-06	1.99e-05	1.60e-05	1.06e-05	-0.001443	-0.001564	-0.004792	-0.003263	-8.69e-04
"2015-08-24 00:00"	0.000000	2.18e-07	6.11e-06	2.02e-06	1.56e-05	1.27e-05	8.41e-06	-0.001389	-0.001546	-0.004720	-0.003263	-8.26e-04
"2015-08-25 00:00"	0.000000	1.80e-07	5.00e-06	1.65e-06	1.28e-05	1.04e-05	6.91e-06	-0.001339	-0.001529	-0.004648	-0.003263	-7.86e-04
"2015-08-26 00:00"	0.000000	1.86e-07	4.87e-06	1.60e-06	1.24e-05	1.01e-05	6.71e-06	-0.001291	-0.001513	-0.004578	-0.003263	-7.46e-04
"2015-08-27 00:00"	0.000000	2.33e-07	5.04e-06	1.66e-06	1.28e-05	1.04e-05	6.93e-06	-0.001247	-0.001497	-0.004507	-0.003263	-7.08e-04
"2015-08-28 00:00"	0.000000	2.63e-07	5.88e-06	1.92e-06	1.48e-05	1.21e-05	8.12e-06	-0.001204	-0.001481	-0.004436	-0.003263	-6.70e-04
"2015-08-29 00:00"	0.000000	2.23e-07	4.71e-06	1.55e-06	1.19e-05	9.72e-06	6.53e-06	-0.001164	-0.001467	-0.004364	-0.003263	-6.34e-04
"2015-08-30 00:00"	0.000000	2.36e-07	4.67e-06	1.53e-06	1.18e-05	9.64e-06	6.49e-06	-0.001126	-0.001452	-0.004292	-0.003263	-5.99e-04
"2015-08-31 00:00"	0.000000	2.46e-07	4.57e-06	1.50e-06	1.16e-05	9.44e-06	6.37e-06	-0.001091	-0.001438	-0.004217	-0.003263	-5.66e-04
"2015-09-01 00:00"	0.000000	2.69e-07	4.53e-06	1.48e-06	1.14e-05	9.27e-06	6.28e-06	-0.001059	-0.001425	-0.004142	-0.003263	-5.33e-04
"2015-09-02 00:00"	0.000000	4.03e-07	6.55e-06	2.14e-06	1.65e-05	1.36e-05	8.93e-06	-0.001059	-0.001415	-0.004079	-0.003261	-5.03e-04
"2015-09-03 00:00"	0.000000	3.94e-07	7.49e-06	2.59e-06	1.99e-05	1.63e-05	1.07e-05	-0.001146	-0.001420	-0.004064	-0.003260	-4.79e-04
"2015-09-04 00:00"	0.000000	3.12e-07	5.77e-06	1.99e-06	1.54e-05	1.26e-05	8.58e-06	-0.001226	-0.001430	-0.004057	-0.003259	-4.58e-04
"2015-09-05 00:00"	0.000000	2.63e-07	4.84e-06	1.61e-06	1.24e-05	1.02e-05	6.77e-06	-0.001285	-0.001438	-0.004042	-0.003256	-4.38e-04
"2015-09-06 00:00"	0.000000	2.67e-07	5.55e-06	1.86e-06	1.44e-05	1.17e-05	7.85e-06	-0.001332	-0.001448	-0.004025	-0.003253	-4.19e-04
"2015-09-07 00:00"	0.000000	3.15e-07	7.24e-06	2.51e-06	1.95e-05	1.60e-05	1.09e-05	-0.001340	-0.001455	-0.003995	-0.003248	-4.01e-04
"2015-09-08 00:00"	0.000000	3.58e-07	9.01e-06	3.20e-06	2.46e-05	2.01e-05	1.34e-05	-0.001357	-0.001463	-0.003967	-0.003242	-3.85e-04
"2015-09-09 00:00"	0.000000	2.98e-07	7.54e-06	2.61e-06	2.00e-05	1.64e-05	1.11e-05	-0.001388	-0.001478	-0.003955	-0.003238	-3.72e-04
"2015-09-10 00:00"	0.000000	2.55e-07	6.47e-06	2.17e-06	1.68e-05	1.38e-05	9.41e-06	-0.001370	-0.001488	-0.003924	-0.003233	-3.59e-04
"2015-09-11 00:00"	0.000000	2.40e-07	6.19e-06	2.07e-06	1.61e-05	1.32e-05	9.09e-06	-0.001325	-0.001492	-0.003877	-0.003226	-3.45e-04
"2015-09-12 00:00"	0.000000	2.10e-07	4.63e-06	1.52e-06	1.16e-05	9.56e-06	6.56e-06	-0.001256	-0.001492	-0.003812	-0.003218	-3.31e-04
"2015-09-13 00:00"	0.000000	1.98e-07	4.62e-06	1.52e-06	1.17e-05	9.61e-06	6.64e-06	-0.001174	-0.001486	-0.003735	-0.003211	-3.16e-04
"2015-09-14 00:00"	0.000000	2.66e-07	7.81e-06	2.55e-06	2.00e-05	1.64e-05	1.13e-05	-0.001084	-0.001476	-0.003647	-0.003202	-3.01e-04
"2015-09-15 00:00"	0.000000	2.94e-07	7.55e-06	2.62e-06	2.01e-05	1.65e-05	1.14e-05	-9.90e-04	-0.001461	-0.003550	-0.003193	-2.86e-04
"2015-09-16 00:00"	0.000000	3.11e-07	8.62e-06	3.01e-06	2.31e-05	1.89e-05	1.30e-05	-8.94e-04	-0.001443	-0.003445	-0.003182	-2.70e-04
"2015-09-17 00:00"	0.000000	3.02e-07	8.48e-06	2.97e-06	2.27e-05	1.86e-05	1.30e-05	-7.99e-04	-0.001421	-0.003335	-0.003171	-2.53e-04
"2015-09-18 00:00"	0.000000	2.95e-07	8.63e-06	3.01e-06	2.30e-05	1.89e-05	1.31e-05	-7.18e-04	-0.001400	-0.003230	-0.003162	-2.37e-04
"2015-09-19 00:00"	0.000000	3.09e-07	9.45e-06	3.34e-06	2.54e-05	2.09e-05	1.47e-05	-6.47e-04	-0.001380	-0.003129	-0.003151	-2.23e-04
"2015-09-20 00:00"	0.000000	2.73e-07	8.64e-06	3.00e-06	2.28e-05	1.88e-05	1.31e-05	-5.95e-04	-0.001363	-0.003039	-0.003142	-2.10e-04
"2015-09-21 00:00"	0.000000	2.69e-07	8.80e-06	3.05e-06	2.31e-05	1.90e-05	1.33e-05	-5.45e-04	-0.001345	-0.002945	-0.003132	-1.97e-04
"2015-09-22 00:00"	0.000000	1.96e-07	6.43e-06	2.11e-06	1.61e-05	1.33e-05	9.65e-06	-4.98e-04	-0.001325	-0.002851	-0.003121	-1.83e-04
"2015-09-23 00:00"	0.000000	2.44e-07	8.29e-06	2.79e-06	2.14e-05	1.76e-05	1.24e-05	-4.72e-04	-0.001310	-0.002767	-0.003111	-1.72e-04
"2015-09-24 00:00"	0.000000	2.60e-07	9.12e-06	3.19e-06	2.42e-05	2.00e-05	1.39e-05	-4.69e-04	-0.001297	-0.002691	-0.003098	-1.63e-04
"2015-09-25 00:00"	0.000000	2.26e-07	8.11e-06	2.77e-06	2.10e-05	1.73e-05	1.21e-05	-5.67e-04	-0.001302	-0.002645	-0.003090	-1.60e-04
"2015-09-26 00:00"	0.000000	2.29e-07	8.69e-06	3.01e-06	2.29e-05	1.91e-05	1.29e-05	-6.78e-04	-0.001308	-0.002604	-0.003078	-1.59e-04
"2015-09-27 00:00"	0.000000	2.47e-07	9.77e-06	3.39e-06	2.55e-05	2.13e-05	1.40e-05	-7.81e-04	-0.001324	-0.002579	-0.003040	-1.63e-04
"2015-09-28 00:00"	0.000000	2.11e-07	8.63e-06	2.94e-06	2.25e-05	1.85e-05	1.29e-05	-8.60e-04	-0.001347	-0.002566	-0.002923	-1.70e-04
"2015-09-29 00:00"	0.000000	1.98e-07	8.53e-06	2.91e-06	2.21e-05	1.82e-05	1.28e-05	-9.29e-04	-0.001366	-0.002547	-0.002755	-1.78e-04
"2015-09-30 00:00"	0.000000	2.14e-07	9.58e-06	3.30e-06	2.54e-05	2.07e-05	1.45e-05	-9.98e-04	-0.001382	-0.002524	-0.002603	-1.86e-04
"2015-10-01 00:00"	0.000000	1.95e-07	9.03e-06	3.09e-06	2.36e-05	1.93e-05	1.35e-05	-0.001034	-0.001393	-0.002494	-0.002457	-1.92e-04
"2015-10-02 00:00"	0.000000	1.83e-07	8.83e-06	2.99e-06	2.28e-05	1.87e-05	1.31e-05	-0.001046	-0.001397	-0.002457	-0.002322	-1.98e-04
"2015-10-03 00:00"	0.000000	1.41e-07	6.99e-06	2.27e-06	1.75e-05	1.43e-05	1.01e-05	-0.001050	-0.001399	-0.002418	-0.002205	-2.03e-04
"2015-10-04 00:00"	0.000000	1.43e-07	7.41e-06	2.42e-06	1.88e-05	1.55e-05	1.09e-05	-0.001044	-0.001396	-0.002374	-0.002099	-2.08e-04
"2015-10-05 00:00"	0.000000	1.35e-07	6.87e-06	2.27e-06	1.73e-05	1.42e-05	9.76e-06	-0.001072	-0.001394	-0.002336	-0.002015	-2.15e-04
"2015-10-06 00:00"	0.000000	1.48e-07	8.27e-06	2.74e-06	2.08e-05	1.70e-05	1.15e-05	-0.001165	-0.001402	-0.002312	-0.001964	-2.26e-04
"2015-10-07 00:00"	0.000000	1.07e-07	5.94e-06	1.92e-06	1.50e-05	1.22e-05	8.48e-06	-0.001241	-0.001410	-0.002291	-0.001921	-2.39e-04
"2015-10-08 00:00"	0.000000	1.40e-07	7.65e-06	2.47e-06	1.93e-05	1.57e-05	1.09e-05	-0.001302	-0.001415	-0.002269	-0.001881	-2.52e-04
"2015-10-09 00:00"	0.000000	1.51e-07	8.45e-06	2.88e-06	2.22e-05	1.80e-05	1.23e-05	-0.001334	-0.001417	-0.002244	-0.001842	-2.65e-04
"2015-10-10 00:00"	0.000000	1.57e-07	8.96e-06	3.08e-06	2.37e-05	1.92e-05	1.31e-05	-0.001340	-0.001415	-0.002215	-0.001803	-2.76e-04
"2015-10-11 00:00"	0.000000	1.33e-07	7.84e-06	2.61e-06	2.04e-05	1.66e-05	1.14e-05	-0.001326	-0.001409	-0.002185	-0.001764	-2.87e-04
"2015-10-12 00:00"	0.000000	1.42e-07	8.46e-06	2.87e-06	2.20e-05	1.79e-05	1.21e-05	-0.001314	-0.001402	-0.002155	-0.001728	-2.98e-04
"2015-10-13 00:00"	0.000000	1.51e-07	9.14e-06	3.13e-06	2.40e-05	1.95e-05	1.33e-05	-0.001297	-0.001394	-0.002124	-0.001696	-3.09e-04
"2015-10-14 00:00"	0.000000	1.40e-07	8.61e-06	2.92e-06	2.24e-05	1.82e-05	1.21e-05	-0.001287	-0.001385	-0.002095	-0.001667	-3.20e-04
"2015-10-15 00:00"	0.000000	1.64e-07	1.04e-05	3.61e-06	2.78e-05	2.29e-05	1.46e-05	-0.001337	-0.001391	-0.002088	-0.001670	-3.41e-04
"2015-10-16 00:00"	0.000000	1.51e-07	9.50e-06	3.26e-06	2.52e-05	2.08e-05	1.32e-05	-0.001405	-0.001418	-0.002112	-0.001725	-3.73e-04
"2015-10-17 00:00"	0.000000	1.05e-07	6.59e-06	2.13e-06	1.64e-05	1.35e-05	8.72e-06	-0.001480	-0.001458	-0.002155	-0.001830	-4.16e-04
"2015-10-18 00:00"	0.000000	1.10e-07	7.11e-06	2.21e-06	1.78e-05	1.44e-05	9.32e-06	-0.001546	-0.001495	-0.002198	-0.001926	-4.59e-04
"2015-10-19 00:00"	0.000000	9.39e-08	5.79e-06	1.88e-06	1.47e-05	1.20e-05	7.69e-06	-0.001593	-0.001527	-0.002239	-0.002003	-5.01e-04
"2015-10-20 00:00"	0.000000	1.35e-07	8.77e-06	2.85e-06	2.27e-05	1.83e-05	1.17e-05	-0.001644	-0.001555	-0.002278	-0.002075	-5.43e-04
"2015-10-21 00:00"	0.000000	1.35e-07	8.69e-06	2.94e-06	2.29e-05	1.85e-05	1.19e-05	-0.001652	-0.001575	-0.002313	-0.002122	-5.84e-04
"2015-10-22 00:00"	0.000000	1.58e-07	1.03e-05	3.55e-06	2.76e-05	2.23e-05	1.43e-05	-0.001663	-0.001592	-0.002347	-0.002163	-6.23e-04
"2015-10-23 00:00"	0.000000	1.11e-07	6.90e-06	2.26e-06	1.76e-05	1.43e-05	9.21e-06	-0.001643	-0.001602	-0.002376	-0.002183	-6.60e-04
"2015-10-24 00:00"	0.000000	1.31e-07	8.39e-06	2.77e-06	2.17e-05	1.75e-05	1.12e-05	-0.001603	-0.001605	-0.002400	-0.002188	-6.94e-04
"2015-10-25 00:00"	0.000000	1.48e-07	9.46e-06	3.22e-06	2.51e-05	2.03e-05	1.30e-05	-0.001555	-0.001603	-0.002420	-0.002183	-7.25e-04
"2015-10-26 00:00"	0.000000	1.29e-07	8.13e-06	2.67e-06	2.10e-05	1.70e-05	1.10e-05	-0.001497	-0.001597	-0.002436	-0.002168	-7.53e-04
"2015-10-27 00:00"	0.000000	1.56e-07	1.01e-05	3.45e-06	2.69e-05	2.18e-05	1.41e-05	-0.001437	-0.001586	-0.002448	-0.002147	-7.78e-04
"2015-10-28 00:00"	0.000000	1.37e-07	8.73e-06	2.93e-06	2.28e-05	1.85e-05	1.21e-05	-0.001368	-0.001570	-0.002453	-0.002117	-7.98e-04
"2015-10-29 00:00"	0.000000	1.39e-07	8.74e-06	2.91e-06	2.29e-05	1.85e-05	1.21e-05	-0.001302	-0.001552	-0.002456	-0.002085	-8.16e-04
"2015-10-30 00:00"	0.000000	1.46e-07	9.35e-06	3.15e-06	2.45e-05	2.00e-05	1.31e-05	-0.001237	-0.001531	-0.002454	-0.002051	-8.29e-04
"2015-10-31 00:00"	0.000000	1.57e-07	9.99e-06	3.38e-06	2.65e-05	2.16e-05	1.42e-05	-0.001178	-0.001508	-0.002449	-0.002016	-8.40e-04
"2015-11-01 00:00"	0.000000	1.29e-07	7.99e-06	2.64e-06	2.08e-05	1.70e-05	1.13e-05	-0.001118	-0.001484	-0.002440	-0.001979	-8.47e-04
"2015-11-02 00:00"	0.000000	1.32e-07	8.16e-06	2.65e-06	2.08e-05	1.70e-05	1.12e-05	-0.001056	-0.001457	-0.002426	-0.001938	-8.50e-04
"2015-11-03 00:00"	0.000000	1.37e-07	8.23e-06	2.71e-06	2.13e-05	1.74e-05	1.16e-05	-9.99e-04	-0.001429	-0.002408	-0.001899	-8.50e-04
"2015-11-04 00:00"	0.000000	1.55e-07	9.38e-06	3.14e-06	2.46e-05	2.01e-05	1.33e-05	-9.48e-04	-0.001401	-0.002388	-0.001861	-8.47e-04
"2015-11-05 00:00"	0.000000	1.53e-07	9.04e-06	3.01e-06	2.36e-05	1.94e-05	1.29e-05	-9.00e-04	-0.001373	-0.002365	-0.001823	-8.41e-04
"2015-11-06 00:00"	0.000000	1.39e-07	7.88e-06	2.57e-06	2.02e-05	1.67e-05	1.12e-05	-8.58e-04	-0.001346	-0.002341	-0.001786	-8.33e-04
"2015-11-07 00:00"	0.000000	1.48e-07	8.34e-06	2.73e-06	2.15e-05	1.76e-05	1.19e-05	-8.23e-04	-0.001320	-0.002315	-0.001751	-8.23e-04
"2015-11-08 00:00"	0.000000	1.85e-07	1.04e-05	3.54e-06	2.76e-05	2.30e-05	1.46e-05	-8.52e-04	-0.001303	-0.002307	-0.001739	-8.18e-04
"2015-11-09 00:00"	0.000000	1.15e-07	5.69e-06	1.81e-06	1.43e-05	1.18e-05	7.92e-06	-9.58e-04	-0.001309	-0.002336	-0.001780	-8.28e-04
"2015-11-10 00:00"	0.000000	1.69e-07	9.08e-06	2.92e-06	2.32e-05	1.91e-05	1.27e-05	-0.001061	-0.001316	-0.002366	-0.001820	-8.37e-04
"2015-11-11 00:00"	0.000000	1.65e-07	8.37e-06	2.74e-06	2.15e-05	1.78e-05	1.15e-05	-0.001161	-0.001322	-0.002394	-0.001854	-8.44e-04
"2015-11-12 00:00"	0.000000	1.60e-07	7.86e-06	2.58e-06	2.03e-05	1.67e-05	1.11e-05	-0.001257	-0.001332	-0.002428	-0.001893	-8.52e-04
"2015-11-13 00:00"	0.000000	1.52e-07	7.27e-06	2.31e-06	1.85e-05	1.54e-05	1.00e-05	-0.001349	-0.001341	-0.002460	-0.001924	-8.57e-04
"2015-11-14 00:00"	0.000000	1.85e-07	9.09e-06	3.03e-06	2.39e-05	1.98e-05	1.31e-05	-0.001437	-0.001349	-0.002492	-0.001949	-8.61e-04
"2015-11-15 00:00"	0.000000	1.83e-07	8.93e-06	2.97e-06	2.34e-05	1.94e-05	1.28e-05	-0.001497	-0.001356	-0.002520	-0.001960	-8.62e-04
"2015-11-16 00:00"	0.000000	1.90e-07	9.36e-06	3.10e-06	2.46e-05	2.04e-05	1.36e-05	-0.001521	-0.001360	-0.002545	-0.001960	-8.60e-04
"2015-11-17 00:00"	0.000000	1.89e-07	9.20e-06	3.06e-06	2.42e-05	2.00e-05	1.33e-05	-0.001544	-0.001365	-0.002573	-0.001958	-8.58e-04
"2015-11-18 00:00"	0.000000	1.58e-07	7.31e-06	2.37e-06	1.88e-05	1.57e-05	1.03e-05	-0.001553	-0.001370	-0.002602	-0.001953	-8.54e-04
"2015-11-19 00:00"	0.000000	2.26e-07	9.49e-06	3.11e-06	2.48e-05	2.04e-05	1.36e-05	-0.001611	-0.001384	-0.002653	-0.001970	-8.55e-04
"2015-11-20 00:00"	0.000000	2.46e-07	9.95e-06	3.33e-06	2.64e-05	2.18e-05	1.45e-05	-0.001604	-0.001394	-0.002700	-0.001972	-8.54e-04
"2015-11-21 00:00"	0.000000	2.42e-07	9.44e-06	3.13e-06	2.48e-05	2.06e-05	1.37e-05	-0.001551	-0.001399	-0.002743	-0.001959	-8.48e-04
"2015-11-22 00:00"	0.000000	2.42e-07	9.15e-06	3.03e-06	2.41e-05	1.99e-05	1.33e-05	-0.001474	-0.001401	-0.002781	-0.001935	-8.40e-04
"2015-11-23 00:00"	0.000000	2.13e-07	7.79e-06	2.53e-06	2.01e-05	1.67e-05	1.12e-05	-0.001380	-0.001398	-0.002815	-0.001901	-8.28e-04
"2015-11-24 00:00"	0.000000	1.85e-07	6.13e-06	1.87e-06	1.52e-05	1.25e-05	8.39e-06	-0.001282	-0.001392	-0.002848	-0.001861	-8.13e-04
"2015-11-25 00:00"	0.000000	2.46e-07	8.41e-06	2.70e-06	2.16e-05	1.79e-05	1.21e-05	-0.001188	-0.001384	-0.002880	-0.001819	-7.97e-04
"2015-11-26 00:00"	0.000000	2.51e-07	8.39e-06	2.73e-06	2.18e-05	1.80e-05	1.21e-05	-0.001097	-0.001374	-0.002913	-0.001775	-7.79e-04
"2015-11-27 00:00"	0.000000	2.63e-07	8.97e-06	2.97e-06	2.36e-05	1.95e-05	1.32e-05	-0.001010	-0.001361	-0.002946	-0.001730	-7.59e-04
"2015-11-28 00:00"	0.000000	2.87e-07	1.02e-05	3.41e-06	2.71e-05	2.24e-05	1.52e-05	-9.26e-04	-0.001347	-0.002977	-0.001683	-7.37e-04
"2015-11-29 00:00"	0.000000	2.19e-07	7.31e-06	2.35e-06	1.88e-05	1.55e-05	1.08e-05	-8.44e-04	-0.001330	-0.003006	-0.001634	-7.13e-04
"2015-11-30 00:00"	0.000000	2.66e-07	9.18e-06	3.02e-06	2.41e-05	1.98e-05	1.35e-05	-7.88e-04	-0.001318	-0.003052	-0.001596	-6.92e-04
"2015-12-01 00:00"	0.000000	2.20e-07	7.20e-06	2.28e-06	1.85e-05	1.52e-05	1.05e-05	-7.42e-04	-0.001306	-0.003104	-0.001560	-6.71e-04
"2015-12-02 00:00"	0.000000	2.48e-07	8.22e-06	2.65e-06	2.12e-05	1.74e-05	1.22e-05	-7.02e-04	-0.001294	-0.003157	-0.001524	-6.50e-04
"2015-12-03 00:00"	0.000000	2.61e-07	9.03e-06	2.99e-06	2.38e-05	1.99e-05	1.30e-05	-7.59e-04	-0.001299	-0.003278	-0.001515	-6.38e-04
"2015-12-04 00:00"	0.000000	2.73e-07	9.52e-06	3.12e-06	2.50e-05	2.06e-05	1.41e-05	-8.64e-04	-0.001315	-0.003449	-0.001521	-6.31e-04
"2015-12-05 00:00"	0.000000	2.76e-07	9.63e-06	3.18e-06	2.55e-05	2.11e-05	1.44e-05	-9.27e-04	-0.001325	-0.003603	-0.001518	-6.23e-04
"2015-12-06 00:00"	0.000000	2.44e-07	8.21e-06	2.66e-06	2.12e-05	1.75e-05	1.20e-05	-9.45e-04	-0.001330	-0.003729	-0.001506	-6.11e-04
"2015-12-07 00:00"	0.000000	2.89e-07	1.03e-05	3.43e-06	2.73e-05	2.25e-05	1.55e-05	-9.44e-04	-0.001330	-0.003833	-0.001488	-5.97e-04
"2015-12-08 00:00"	0.000000	2.59e-07	8.85e-06	2.88e-06	2.32e-05	1.91e-05	1.31e-05	-9.24e-04	-0.001326	-0.003911	-0.001464	-5.81e-04
"2015-12-09 00:00"	0.000000	2.37e-07	8.00e-06	2.56e-06	2.08e-05	1.72e-05	1.19e-05	-8.91e-04	-0.001317	-0.003966	-0.001435	-5.63e-04
"2015-12-10 00:00"	0.000000	2.40e-07	7.87e-06	2.48e-06	2.02e-05	1.66e-05	1.15e-05	-8.61e-04	-0.001308	-0.004008	-0.001407	-5.44e-04
"2015-12-11 00:00"	0.000000	2.70e-07	9.15e-06	3.00e-06	2.40e-05	1.97e-05	1.38e-05	-8.48e-04	-0.001300	-0.004050	-0.001382	-5.27e-04
"2015-12-12 00:00"	0.000000	2.40e-07	7.94e-06	2.53e-06	2.05e-05	1.69e-05	1.17e-05	-8.58e-04	-0.001296	-0.004095	-0.001362	-5.11e-04
"2015-12-13 00:00"	0.000000	2.48e-07	8.10e-06	2.59e-06	2.10e-05	1.72e-05	1.20e-05	-8.58e-04	-0.001288	-0.004115	-0.001339	-4.95e-04
"2015-12-14 00:00"	0.000000	2.64e-07	8.71e-06	2.82e-06	2.29e-05	1.88e-05	1.31e-05	-8.47e-04	-0.001278	-0.004111	-0.001314	-4.77e-04
"2015-12-15 00:00"	0.000000	3.02e-07	1.03e-05	3.41e-06	2.72e-05	2.22e-05	1.54e-05	-8.52e-04	-0.001269	-0.004099	-0.001291	-4.59e-04
"2015-12-16 00:00"	0.000000	2.46e-07	8.17e-06	2.63e-06	2.11e-05	1.75e-05	1.17e-05	-9.09e-04	-0.001267	-0.004104	-0.001276	-4.46e-04
"2015-12-17 00:00"	0.000000	2.47e-07	8.20e-06	2.63e-06	2.11e-05	1.73e-05	1.20e-05	-9.89e-04	-0.001271	-0.004124	-0.001268	-4.35e-04
"2015-12-18 00:00"	0.000000	2.51e-07	8.29e-06	2.65e-06	2.14e-05	1.75e-05	1.21e-05	-0.001050	-0.001275	-0.004129	-0.001260	-4.25e-04
"2015-12-19 00:00"	0.000000	2.21e-07	7.03e-06	2.17e-06	1.79e-05	1.46e-05	1.01e-05	-0.001081	-0.001275	-0.004111	-0.001250	-4.14e-04
"2015-12-20 00:00"	0.000000	2.52e-07	8.13e-06	2.57e-06	2.11e-05	1.72e-05	1.19e-05	-0.001106	-0.001275	-0.004080	-0.001239	-4.02e-04
"2015-12-21 00:00"	0.000000	2.50e-07	7.99e-06	2.54e-06	2.08e-05	1.69e-05	1.17e-05	-0.001120	-0.001273	-0.004036	-0.001228	-3.91e-04
"2015-12-22 00:00"	0.000000	2.75e-07	8.98e-06	2.92e-06	2.34e-05	1.91e-05	1.32e-05	-0.001118	-0.001270	-0.003979	-0.001215	-3.79e-04
"2015-12-23 00:00"	0.000000	2.70e-07	8.95e-06	2.91e-06	2.35e-05	1.92e-05	1.32e-05	-0.001093	-0.001263	-0.003908	-0.001200	-3.65e-04
"2015-12-24 00:00"	0.000000	1.92e-07	5.62e-06	1.74e-06	1.40e-05	1.14e-05	7.99e-06	-0.001053	-0.001254	-0.003825	-0.001184	-3.51e-04
"2015-12-25 00:00"	0.000000	2.32e-07	6.73e-06	2.03e-06	1.66e-05	1.34e-05	9.36e-06	-0.001021	-0.001246	-0.003746	-0.001169	-3.38e-04
"2015-12-26 00:00"	0.000000	2.62e-07	7.63e-06	2.37e-06	1.94e-05	1.58e-05	1.09e-05	-0.001012	-0.001241	-0.003677	-0.001158	-3.26e-04
"2015-12-27 00:00"	0.000000	2.13e-07	5.63e-06	1.74e-06	1.41e-05	1.14e-05	7.99e-06	-0.001005	-0.001236	-0.003607	-0.001148	-3.15e-04
"2015-12-28 00:00"	0.000000	2.64e-07	7.30e-06	2.26e-06	1.86e-05	1.49e-05	1.03e-05	-0.001015	-0.001233	-0.003544	-0.001141	-3.05e-04
"2015-12-29 00:00"	0.000000	3.13e-07	9.23e-06	3.03e-06	2.46e-05	2.00e-05	1.35e-05	-0.001058	-0.001233	-0.003489	-0.001138	-2.96e-04
"2015-12-30 00:00"	0.000000	2.52e-07	7.25e-06	2.30e-06	1.88e-05	1.53e-05	1.05e-05	-0.001104	-0.001235	-0.003440	-0.001137	-2.89e-04
"2015-12-31 00:00"	0.000000	2.57e-07	7.54e-06	2.38e-06	1.93e-05	1.55e-05	1.06e-05	-0.001123	-0.001234	-0.003387	-0.001135	-2.81e-04
"2016-01-01 00:00"	0.000000	3.27e-07	1.06e-05	3.53e-06	2.84e-05	2.33e-05	1.51e-05	-0.001173	-0.001239	-0.003349	-0.001139	-2.76e-04
"2016-01-02 00:00"	0.000000	3.14e-07	1.05e-05	3.43e-06	2.79e-05	2.27e-05	1.52e-05	-0.001212	-0.001250	-0.003328	-0.001152	-2.74e-04
"2016-01-03 00:00"	0.000000	2.92e-07	9.79e-06	3.19e-06	2.58e-05	2.10e-05	1.40e-05	-0.001195	-0.001256	-0.003295	-0.001160	-2.71e-04
"2016-01-04 00:00"	0.000000	2.92e-07	9.90e-06	3.22e-06	2.61e-05	2.12e-05	1.41e-05	-0.001149	-0.001256	-0.003249	-0.001164	-2.66e-04
"2016-01-05 00:00"	0.000000	3.14e-07	1.11e-05	3.63e-06	2.93e-05	2.39e-05	1.59e-05	-0.001086	-0.001252	-0.003195	-0.001164	-2.59e-04
"2016-01-06 00:00"	0.000000	2.17e-07	7.19e-06	2.24e-06	1.82e-05	1.49e-05	9.99e-06	-0.001007	-0.001243	-0.003132	-0.001160	-2.51e-04
"2016-01-07 00:00"	0.000000	3.02e-07	1.10e-05	3.57e-06	2.88e-05	2.34e-05	1.55e-05	-9.27e-04	-0.001231	-0.003065	-0.001155	-2.41e-04
"2016-01-08 00:00"	0.000000	2.70e-07	9.85e-06	3.20e-06	2.60e-05	2.12e-05	1.42e-05	-8.52e-04	-0.001218	-0.002998	-0.001150	-2.32e-04
"2016-01-09 00:00"	0.000000	2.71e-07	1.00e-05	3.26e-06	2.63e-05	2.15e-05	1.43e-05	-7.83e-04	-0.001204	-0.002932	-0.001145	-2.22e-04
"2016-01-10 00:00"	0.000000	2.82e-07	1.07e-05	3.50e-06	2.83e-05	2.32e-05	1.54e-05	-7.13e-04	-0.001188	-0.002862	-0.001138	-2.11e-04
"2016-01-11 00:00"	0.000000	2.84e-07	1.09e-05	3.61e-06	2.91e-05	2.39e-05	1.59e-05	-6.42e-04	-0.001169	-0.002787	-0.001129	-1.98e-04
"2016-01-12 00:00"	0.000000	2.63e-07	1.02e-05	3.33e-06	2.68e-05	2.20e-05	1.47e-05	-5.73e-04	-0.001147	-0.002710	-0.001117	-1.85e-04
"2016-01-13 00:00"	0.000000	2.55e-07	9.91e-06	3.22e-06	2.60e-05	2.14e-05	1.43e-05	-5.06e-04	-0.001124	-0.002630	-0.001104	-1.71e-04
"2016-01-14 00:00"	0.000000	2.28e-07	8.62e-06	2.76e-06	2.23e-05	1.84e-05	1.24e-05	-4.43e-04	-0.001101	-0.002550	-0.001091	-1.56e-04
"2016-01-15 00:00"	0.000000	2.61e-07	1.02e-05	3.30e-06	2.67e-05	2.19e-05	1.48e-05	-3.92e-04	-0.001079	-0.002476	-0.001080	-1.42e-04
"2016-01-16 00:00"	0.000000	2.46e-07	9.25e-06	2.99e-06	2.43e-05	2.01e-05	1.35e-05	-3.53e-04	-0.001060	-0.002409	-0.001072	-1.29e-04
"2016-01-17 00:00"	0.000000	2.77e-07	1.05e-05	3.45e-06	2.80e-05	2.31e-05	1.56e-05	-3.17e-04	-0.001041	-0.002341	-0.001063	-1.16e-04
"2016-01-18 00:00"	0.000000	2.47e-07	9.00e-06	2.90e-06	2.36e-05	1.95e-05	1.32e-05	-2.82e-04	-0.001022	-0.002271	-0.001053	-1.02e-04
"2016-01-19 00:00"	0.000000	2.53e-07	9.22e-06	2.98e-06	2.43e-05	2.01e-05	1.36e-05	-2.52e-04	-0.001003	-0.002204	-0.001043	-8.78e-05
"2016-01-20 00:00"	0.000000	2.47e-07	8.88e-06	2.86e-06	2.34e-05	1.94e-05	1.32e-05	-2.26e-04	-9.84e-04	-0.002136	-0.001032	-7.36e-05
"2016-01-21 00:00"	0.000000	2.03e-07	6.81e-06	2.05e-06	1.69e-05	1.38e-05	9.58e-06	-2.05e-04	-9.66e-04	-0.002069	-0.001022	-5.97e-05
"2016-01-22 00:00"	0.000000	2.36e-07	7.95e-06	2.50e-06	2.03e-05	1.67e-05	1.15e-05	-2.07e-04	-9.53e-04	-0.002012	-0.001017	-4.77e-05
"2016-01-23 00:00"	0.000000	2.90e-07	1.04e-05	3.45e-06	2.81e-05	2.35e-05	1.52e-05	-2.86e-04	-9.53e-04	-0.001978	-0.001026	-4.10e-05
"2016-01-24 00:00"	0.000000	2.90e-07	1.05e-05	3.44e-06	2.80e-05	2.32e-05	1.57e-05	-4.05e-04	-9.63e-04	-0.001959	-0.001047	-3.83e-05
"2016-01-25 00:00"	0.000000	2.91e-07	1.05e-05	3.45e-06	2.81e-05	2.33e-05	1.58e-05	-4.86e-04	-9.69e-04	-0.001934	-0.001063	-3.46e-05
"2016-01-26 00:00"	0.000000	2.52e-07	8.75e-06	2.82e-06	2.29e-05	1.93e-05	1.21e-05	-5.41e-04	-9.74e-04	-0.001905	-0.001076	-3.04e-05
"2016-01-27 00:00"	0.000000	2.47e-07	8.42e-06	2.67e-06	2.18e-05	1.80e-05	1.21e-05	-6.42e-04	-9.97e-04	-0.001904	-0.001114	-3.39e-05
"2016-01-28 00:00"	0.000000	2.73e-07	9.36e-06	3.02e-06	2.48e-05	2.05e-05	1.39e-05	-7.18e-04	-0.001023	-0.001908	-0.001156	-3.94e-05
"2016-01-29 00:00"	0.000000	2.78e-07	9.29e-06	2.98e-06	2.44e-05	2.01e-05	1.37e-05	-7.52e-04	-0.001044	-0.001903	-0.001190	-4.33e-05
"2016-01-30 00:00"	0.000000	2.61e-07	8.38e-06	2.64e-06	2.18e-05	1.79e-05	1.23e-05	-7.59e-04	-0.001060	-0.001891	-0.001216	-4.56e-05
"2016-01-31 00:00"	0.000000	2.84e-07	9.32e-06	2.99e-06	2.45e-05	2.02e-05	1.38e-05	-8.02e-04	-0.001077	-0.001880	-0.001245	-4.91e-05
"2016-02-01 00:00"	0.000000	2.97e-07	9.74e-06	3.14e-06	2.55e-05	2.10e-05	1.43e-05	-8.52e-04	-0.001094	-0.001869	-0.001274	-5.32e-05
"2016-02-02 00:00"	0.000000	2.65e-07	8.59e-06	2.72e-06	2.24e-05	1.84e-05	1.26e-05	-8.77e-04	-0.001106	-0.001853	-0.001298	-5.62e-05
"2016-02-03 00:00"	0.000000	3.05e-07	1.02e-05	3.29e-06	2.70e-05	2.22e-05	1.51e-05	-8.83e-04	-0.001114	-0.001832	-0.001316	-5.81e-05
"2016-02-04 00:00"	0.000000	2.82e-07	9.25e-06	2.97e-06	2.42e-05	1.99e-05	1.37e-05	-8.69e-04	-0.001118	-0.001806	-0.001327	-5.86e-05
"2016-02-05 00:00"	0.000000	2.99e-07	1.00e-05	3.24e-06	2.65e-05	2.18e-05	1.49e-05	-8.54e-04	-0.001119	-0.001778	-0.001337	-5.88e-05
"2016-02-06 00:00"	0.000000	2.77e-07	9.15e-06	2.92e-06	2.41e-05	1.98e-05	1.36e-05	-8.26e-04	-0.001117	-0.001745	-0.001341	-5.80e-05
"2016-02-07 00:00"	0.000000	2.31e-07	7.19e-06	2.23e-06	1.86e-05	1.53e-05	1.06e-05	-7.89e-04	-0.001111	-0.001709	-0.001341	-5.59e-05
"2016-02-08 00:00"	0.000000	2.29e-07	6.88e-06	2.07e-06	1.71e-05	1.40e-05	9.65e-06	-7.50e-04	-0.001103	-0.001671	-0.001337	-5.32e-05
"2016-02-09 00:00"	0.000000	2.00e-07	5.63e-06	1.73e-06	1.44e-05	1.18e-05	8.31e-06	-7.11e-04	-0.001094	-0.001632	-0.001331	-5.02e-05
"2016-02-10 00:00"	0.000000	2.49e-07	7.07e-06	2.14e-06	1.76e-05	1.44e-05	1.01e-05	-6.93e-04	-0.001087	-0.001596	-0.001328	-4.82e-05
"2016-02-11 00:00"	0.000000	2.90e-07	8.46e-06	2.68e-06	2.20e-05	1.81e-05	1.18e-05	-7.73e-04	-0.001093	-0.001578	-0.001347	-5.22e-05
"2016-02-12 00:00"	0.000000	2.63e-07	7.61e-06	2.43e-06	2.00e-05	1.68e-05	1.06e-05	-8.74e-04	-0.001110	-0.001575	-0.001387	-6.18e-05
"2016-02-13 00:00"	0.000000	2.39e-07	6.76e-06	2.05e-06	1.69e-05	1.40e-05	8.93e-06	-9.77e-04	-0.001141	-0.001590	-0.001463	-7.87e-05
"2016-02-14 00:00"	0.000000	2.94e-07	8.97e-06	2.90e-06	2.40e-05	1.96e-05	1.34e-05	-0.001058	-0.001178	-0.001613	-0.001559	-9.93e-05
"2016-02-15 00:00"	0.000000	2.87e-07	8.75e-06	2.79e-06	2.32e-05	1.89e-05	1.29e-05	-0.001099	-0.001209	-0.001631	-0.001635	-1.19e-04
"2016-02-16 00:00"	0.000000	2.74e-07	8.39e-06	2.67e-06	2.21e-05	1.79e-05	1.23e-05	-0.001122	-0.001235	-0.001645	-0.001693	-1.38e-04
"2016-02-17 00:00"	0.000000	2.24e-07	6.46e-06	1.94e-06	1.63e-05	1.33e-05	9.12e-06	-0.001168	-0.001260	-0.001661	-0.001750	-1.57e-04
"2016-02-18 00:00"	0.000000	2.06e-07	5.60e-06	1.71e-06	1.42e-05	1.15e-05	8.02e-06	-0.001206	-0.001281	-0.001675	-0.001794	-1.76e-04
"2016-02-19 00:00"	0.000000	2.98e-07	9.11e-06	2.85e-06	2.38e-05	1.93e-05	1.29e-05	-0.001277	-0.001301	-0.001690	-0.001837	-1.96e-04
"2016-02-20 00:00"	0.000000	2.93e-07	9.06e-06	2.93e-06	2.43e-05	1.98e-05	1.34e-05	-0.001313	-0.001317	-0.001705	-0.001872	-2.16e-04
"2016-02-21 00:00"	0.000000	2.21e-07	6.21e-06	1.84e-06	1.55e-05	1.25e-05	8.45e-06	-0.001295	-0.001327	-0.001713	-0.001884	-2.34e-04
"2016-02-22 00:00"	0.000000	3.13e-07	1.00e-05	3.25e-06	2.68e-05	2.17e-05	1.46e-05	-0.001251	-0.001329	-0.001717	-0.001879	-2.49e-04
"2016-02-23 00:00"	0.000000	2.54e-07	7.92e-06	2.48e-06	2.05e-05	1.66e-05	1.13e-05	-0.001199	-0.001327	-0.001718	-0.001866	-2.63e-04
"2016-02-24 00:00"	0.000000	2.66e-07	8.76e-06	2.82e-06	2.33e-05	1.90e-05	1.28e-05	-0.001163	-0.001326	-0.001721	-0.001855	-2.78e-04
"2016-02-25 00:00"	0.000000	1.99e-07	5.92e-06	1.76e-06	1.47e-05	1.19e-05	8.07e-06	-0.001123	-0.001321	-0.001723	-0.001837	-2.92e-04
"2016-02-26 00:00"	0.000000	2.76e-07	9.35e-06	2.95e-06	2.46e-05	1.99e-05	1.34e-05	-0.001094	-0.001316	-0.001725	-0.001820	-3.05e-04
"2016-02-27 00:00"	0.000000	2.92e-07	1.02e-05	3.34e-06	2.75e-05	2.24e-05	1.49e-05	-0.001079	-0.001310	-0.001730	-0.001803	-3.19e-04
"2016-02-28 00:00"	0.000000	2.78e-07	9.91e-06	3.22e-06	2.65e-05	2.16e-05	1.44e-05	-0.001056	-0.001301	-0.001731	-0.001781	-3.31e-04
"2016-02-29 00:00"	0.000000	2.26e-07	7.89e-06	2.46e-06	2.05e-05	1.67e-05	1.12e-05	-0.001021	-0.001289	-0.001729	-0.001752	-3.40e-04
"2016-03-01 00:00"	0.000000	2.10e-07	7.33e-06	2.25e-06	1.87e-05	1.52e-05	1.03e-05	-9.92e-04	-0.001276	-0.001727	-0.001723	-3.49e-04
"2016-03-02 00:00"	0.000000	1.77e-07	5.67e-06	1.72e-06	1.42e-05	1.15e-05	7.79e-06	-9.88e-04	-0.001265	-0.001730	-0.001700	-3.59e-04
"2016-03-03 00:00"	0.000000	2.62e-07	9.39e-06	2.96e-06	2.44e-05	1.98e-05	1.32e-05	-9.89e-04	-0.001254	-0.001733	-0.001676	-3.68e-04
"2016-03-04 00:00"	0.000000	2.19e-07	7.49e-06	2.33e-06	1.93e-05	1.58e-05	1.06e-05	-9.98e-04	-0.001243	-0.001736	-0.001652	-3.77e-04
"2016-03-05 00:00"	0.000000	2.28e-07	8.08e-06	2.55e-06	2.11e-05	1.73e-05	1.12e-05	-0.001076	-0.001237	-0.001747	-0.001638	-3.88e-04
"2016-03-06 00:00"	0.000000	2.71e-07	1.04e-05	3.40e-06	2.80e-05	2.34e-05	1.43e-05	-0.001165	-0.001241	-0.001776	-0.001646	-4.05e-04
"2016-03-07 00:00"	0.000000	2.61e-07	1.01e-05	3.26e-06	2.69e-05	2.21e-05	1.45e-05	-0.001234	-0.001263	-0.001833	-0.001692	-4.34e-04
"2016-03-08 00:00"	0.000000	2.33e-07	8.93e-06	2.83e-06	2.34e-05	1.93e-05	1.25e-05	-0.001269	-0.001281	-0.001887	-0.001724	-4.60e-04
"2016-03-09 00:00"	0.000000	1.82e-07	6.61e-06	2.01e-06	1.67e-05	1.37e-05	9.02e-06	-0.001336	-0.001301	-0.001947	-0.001759	-4.88e-04
"2016-03-10 00:00"	0.000000	2.17e-07	8.25e-06	2.55e-06	2.09e-05	1.71e-05	1.12e-05	-0.001375	-0.001318	-0.002007	-0.001783	-5.13e-04
"2016-03-11 00:00"	0.000000	2.32e-07	9.03e-06	2.92e-06	2.41e-05	2.03e-05	1.20e-05	-0.001432	-0.001348	-0.002096	-0.001836	-5.48e-04
"2016-03-12 00:00"	0.000000	2.22e-07	8.42e-06	2.63e-06	2.17e-05	1.78e-05	1.15e-05	-0.001464	-0.001401	-0.002234	-0.001910	-5.99e-04
"2016-03-13 00:00"	0.000000	2.04e-07	7.48e-06	2.30e-06	1.91e-05	1.56e-05	1.00e-05	-0.001456	-0.001445	-0.002365	-0.001951	-6.44e-04
"2016-03-14 00:00"	0.000000	2.16e-07	8.15e-06	2.58e-06	2.14e-05	1.76e-05	1.14e-05	-0.001455	-0.001484	-0.002498	-0.001981	-6.88e-04
"2016-03-15 00:00"	0.000000	2.45e-07	9.88e-06	3.15e-06	2.59e-05	2.12e-05	1.36e-05	-0.001476	-0.001520	-0.002639	-0.002009	-7.30e-04
"2016-03-16 00:00"	0.000000	2.44e-07	9.97e-06	3.21e-06	2.65e-05	2.17e-05	1.41e-05	-0.001462	-0.001545	-0.002771	-0.002015	-7.66e-04
"2016-03-17 00:00"	0.000000	2.16e-07	8.77e-06	2.79e-06	2.32e-05	1.90e-05	1.24e-05	-0.001417	-0.001561	-0.002892	-0.002003	-7.95e-04
"2016-03-18 00:00"	0.000000	2.29e-07	9.55e-06	3.04e-06	2.50e-05	2.05e-05	1.32e-05	-0.001380	-0.001571	-0.003015	-0.001988	-8.21e-04
"2016-03-19 00:00"	0.000000	1.93e-07	7.88e-06	2.45e-06	2.04e-05	1.67e-05	1.09e-05	-0.001444	-0.001596	-0.003200	-0.002021	-8.57e-04
"2016-03-20 00:00"	0.000000	2.25e-07	9.80e-06	3.14e-06	2.60e-05	2.15e-05	1.36e-05	-0.001506	-0.001621	-0.003423	-0.002065	-8.93e-04
"2016-03-21 00:00"	0.000000	1.98e-07	8.52e-06	2.66e-06	2.19e-05	1.81e-05	1.11e-05	-0.001566	-0.001657	-0.003748	-0.002138	-9.37e-04
"2016-03-22 00:00"	0.000000	1.44e-07	5.69e-06	1.73e-06	1.43e-05	1.19e-05	7.57e-06	-0.001648	-0.001707	-0.004122	-0.002228	-9.91e-04
"2016-03-23 00:00"	0.000000	1.53e-07	6.75e-06	2.00e-06	1.70e-05	1.38e-05	8.98e-06	-0.001727	-0.001755	-0.004474	-0.002310	-0.001045
"2016-03-24 00:00"	0.000000	1.56e-07	6.83e-06	2.01e-06	1.71e-05	1.39e-05	9.00e-06	-0.001780	-0.001794	-0.004800	-0.002365	-0.001093
"2016-03-25 00:00"	0.000000	1.93e-07	9.07e-06	2.85e-06	2.38e-05	1.93e-05	1.24e-05	-0.001836	-0.001826	-0.005092	-0.002421	-0.001138
"2016-03-26 00:00"	0.000000	2.02e-07	9.75e-06	3.14e-06	2.62e-05	2.12e-05	1.39e-05	-0.001859	-0.001850	-0.005303	-0.002456	-0.001176
"2016-03-27 00:00"	0.000000	1.35e-07	6.11e-06	1.85e-06	1.55e-05	1.26e-05	8.41e-06	-0.001841	-0.001863	-0.005433	-0.002463	-0.001207
"2016-03-28 00:00"	0.000000	1.92e-07	9.74e-06	3.05e-06	2.56e-05	2.08e-05	1.32e-05	-0.001870	-0.001875	-0.005594	-0.002499	-0.001238
"2016-03-29 00:00"	0.000000	2.06e-07	1.04e-05	3.38e-06	2.81e-05	2.30e-05	1.46e-05	-0.001926	-0.001897	-0.005793	-0.002553	-0.001274
"2016-03-30 00:00"	0.000000	2.24e-07	1.15e-05	3.74e-06	3.11e-05	2.53e-05	1.65e-05	-0.001962	-0.001920	-0.005922	-0.002599	-0.001312
"2016-03-31 00:00"	0.000000	1.64e-07	8.01e-06	2.47e-06	2.08e-05	1.69e-05	1.10e-05	-0.001934	-0.001931	-0.005930	-0.002603	-0.001340
"2016-04-01 00:00"	0.000000	2.21e-07	1.13e-05	3.68e-06	3.06e-05	2.49e-05	1.62e-05	-0.001879	-0.001930	-0.005875	-0.002592	-0.001359
"2016-04-02 00:00"	0.000000	1.39e-07	6.34e-06	1.93e-06	1.62e-05	1.32e-05	8.81e-06	-0.001806	-0.001921	-0.005772	-0.002571	-0.001371
"2016-04-03 00:00"	0.000000	1.54e-07	7.60e-06	2.26e-06	1.88e-05	1.52e-05	1.00e-05	-0.001762	-0.001909	-0.005669	-0.002583	-0.001379
"2016-04-04 00:00"	0.000000	1.95e-07	9.92e-06	3.18e-06	2.64e-05	2.21e-05	1.30e-05	-0.001793	-0.001917	-0.005706	-0.002630	-0.001400
"2016-04-05 00:00"	0.000000	1.48e-07	7.09e-06	2.13e-06	1.76e-05	1.44e-05	9.11e-06	-0.001869	-0.001966	-0.005906	-0.002690	-0.001449
"2016-04-06 00:00"	0.000000	1.84e-07	9.37e-06	2.98e-06	2.49e-05	2.08e-05	1.17e-05	-0.001941	-0.002046	-0.006086	-0.002740	-0.001518
"2016-04-07 00:00"	0.000000	1.96e-07	1.02e-05	3.25e-06	2.71e-05	2.21e-05	1.43e-05	-0.002009	-0.002175	-0.006198	-0.002791	-0.001617
"2016-04-08 00:00"	0.000000	2.04e-07	1.08e-05	3.46e-06	2.88e-05	2.34e-05	1.50e-05	-0.002039	-0.002272	-0.006204	-0.002835	-0.001700
"2016-04-09 00:00"	0.000000	1.79e-07	9.31e-06	2.94e-06	2.47e-05	2.00e-05	1.30e-05	-0.002048	-0.002345	-0.006187	-0.002877	-0.001771
"2016-04-10 00:00"	0.000000	1.33e-07	6.46e-06	1.92e-06	1.63e-05	1.32e-05	8.65e-06	-0.002025	-0.002389	-0.006136	-0.002917	-0.001825
"2016-04-11 00:00"	0.000000	1.36e-07	6.91e-06	2.06e-06	1.74e-05	1.41e-05	9.28e-06	-0.002020	-0.002411	-0.006086	-0.002955	-0.001867
"2016-04-12 00:00"	0.000000	1.48e-07	7.75e-06	2.33e-06	1.94e-05	1.57e-05	9.76e-06	-0.002076	-0.002420	-0.006065	-0.002989	-0.001900
"2016-04-13 00:00"	0.000000	1.46e-07	7.77e-06	2.41e-06	2.02e-05	1.66e-05	1.02e-05	-0.002142	-0.002442	-0.006196	-0.003023	-0.001942
"2016-04-14 00:00"	0.000000	1.23e-07	6.36e-06	1.87e-06	1.59e-05	1.27e-05	8.19e-06	-0.002205	-0.002482	-0.006399	-0.003056	-0.001999
"2016-04-15 00:00"	0.000000	1.57e-07	8.89e-06	2.75e-06	2.30e-05	1.86e-05	1.17e-05	-0.002265	-0.002508	-0.006565	-0.003078	-0.002046
"2016-04-16 00:00"	0.000000	1.78e-07	1.05e-05	3.38e-06	2.84e-05	2.28e-05	1.45e-05	-0.002322	-0.002530	-0.006721	-0.003089	-0.002090
"2016-04-17 00:00"	0.000000	1.20e-07	6.71e-06	2.02e-06	1.71e-05	1.37e-05	8.89e-06	-0.002353	-0.002536	-0.006753	-0.003098	-0.002123
"2016-04-18 00:00"	0.000000	1.13e-07	6.42e-06	1.91e-06	1.61e-05	1.30e-05	8.19e-06	-0.002384	-0.002529	-0.006782	-0.003110	-0.002145
"2016-04-19 00:00"	0.000000	1.25e-07	7.43e-06	2.17e-06	1.85e-05	1.49e-05	9.13e-06	-0.002436	-0.002524	-0.006916	-0.003123	-0.002167
"2016-04-20 00:00"	0.000000	1.58e-07	1.03e-05	3.25e-06	2.73e-05	2.21e-05	1.37e-05	-0.002470	-0.002529	-0.007001	-0.003136	-0.002194
"2016-04-21 00:00"	0.000000	1.55e-07	9.87e-06	3.14e-06	2.64e-05	2.12e-05	1.35e-05	-0.002428	-0.002527	-0.006983	-0.003149	-0.002216
"2016-04-22 00:00"	0.000000	1.62e-07	1.03e-05	3.29e-06	2.77e-05	2.23e-05	1.42e-05	-0.002323	-0.002506	-0.006854	-0.003161	-0.002219
"2016-04-23 00:00"	0.000000	1.31e-07	8.13e-06	2.50e-06	2.11e-05	1.71e-05	1.10e-05	-0.002223	-0.002472	-0.006704	-0.003174	-0.002210
"2016-04-24 00:00"	0.000000	1.79e-07	1.16e-05	3.75e-06	3.13e-05	2.56e-05	1.53e-05	-0.002222	-0.002453	-0.006681	-0.003187	-0.002209
"2016-04-25 00:00"	0.000000	1.49e-07	9.30e-06	2.93e-06	2.46e-05	1.99e-05	1.26e-05	-0.002273	-0.002471	-0.006767	-0.003205	-0.002234
"2016-04-26 00:00"	0.000000	1.64e-07	1.05e-05	3.33e-06	2.79e-05	2.26e-05	1.44e-05	-0.002292	-0.002472	-0.006758	-0.003220	-0.002244
"2016-04-27 00:00"	0.000000	1.68e-07	1.08e-05	3.45e-06	2.89e-05	2.35e-05	1.49e-05	-0.002244	-0.002454	-0.006665	-0.003233	-0.002237
"2016-04-28 00:00"	0.000000	1.51e-07	9.48e-06	2.96e-06	2.49e-05	2.03e-05	1.30e-05	-0.002158	-0.002421	-0.006527	-0.003248	-0.002215
"2016-04-29 00:00"	0.000000	1.40e-07	8.69e-06	2.68e-06	2.26e-05	1.85e-05	1.12e-05	-0.002127	-0.002392	-0.006497	-0.003258	-0.002194
"2016-04-30 00:00"	0.000000	1.31e-07	8.04e-06	2.46e-06	2.07e-05	1.69e-05	1.09e-05	-0.002191	-0.002387	-0.006658	-0.003262	-0.002188
"2016-05-01 00:00"	0.000000	1.54e-07	9.79e-06	3.06e-06	2.56e-05	2.08e-05	1.33e-05	-0.002251	-0.002371	-0.006710	-0.003261	-0.002172
"2016-05-02 00:00"	0.000000	1.56e-07	9.93e-06	3.12e-06	2.63e-05	2.15e-05	1.37e-05	-0.002301	-0.002345	-0.006658	-0.003261	-0.002145
"2016-05-03 00:00"	0.000000	1.21e-07	7.29e-06	2.19e-06	1.84e-05	1.52e-05	9.47e-06	-0.002335	-0.002313	-0.006568	-0.003261	-0.002111
"2016-05-04 00:00"	0.000000	1.52e-07	9.65e-06	3.02e-06	2.52e-05	2.07e-05	1.30e-05	-0.002384	-0.002294	-0.006614	-0.003261	-0.002085
"2016-05-05 00:00"	0.000000	1.15e-07	6.86e-06	2.04e-06	1.74e-05	1.43e-05	9.23e-06	-0.002375	-0.002280	-0.006653	-0.003262	-0.002062
"2016-05-06 00:00"	0.000000	1.44e-07	8.95e-06	2.78e-06	2.34e-05	1.91e-05	1.23e-05	-0.002317	-0.002258	-0.006583	-0.003262	-0.002030
"2016-05-07 00:00"	0.000000	1.59e-07	1.02e-05	3.21e-06	2.70e-05	2.21e-05	1.43e-05	-0.002234	-0.002229	-0.006453	-0.003262	-0.001993
"2016-05-08 00:00"	0.000000	1.39e-07	8.62e-06	2.67e-06	2.25e-05	1.84e-05	1.20e-05	-0.002134	-0.002194	-0.006285	-0.003262	-0.001949
"2016-05-09 00:00"	0.000000	1.14e-07	6.76e-06	1.98e-06	1.69e-05	1.38e-05	8.98e-06	-0.002056	-0.002158	-0.006121	-0.003262	-0.001904
"2016-05-10 00:00"	0.000000	1.44e-07	8.98e-06	2.77e-06	2.33e-05	1.91e-05	1.25e-05	-0.001982	-0.002120	-0.005951	-0.003262	-0.001856
"2016-05-11 00:00"	0.000000	1.32e-07	8.08e-06	2.45e-06	2.07e-05	1.70e-05	1.11e-05	-0.001908	-0.002079	-0.005779	-0.003262	-0.001805
"2016-05-12 00:00"	0.000000	1.36e-07	8.39e-06	2.58e-06	2.18e-05	1.79e-05	1.17e-05	-0.001863	-0.002040	-0.005626	-0.003262	-0.001754
"2016-05-13 00:00"	0.000000	1.25e-07	7.62e-06	2.26e-06	1.92e-05	1.58e-05	1.03e-05	-0.001821	-0.002000	-0.005476	-0.003262	-0.001702
"2016-05-14 00:00"	0.000000	1.42e-07	8.82e-06	2.70e-06	2.30e-05	1.88e-05	1.24e-05	-0.001791	-0.001960	-0.005336	-0.003262	-0.001649
"2016-05-15 00:00"	0.000000	1.05e-07	6.08e-06	1.79e-06	1.54e-05	1.27e-05	8.32e-06	-0.001791	-0.001925	-0.005216	-0.003263	-0.001599
"2016-05-16 00:00"	0.000000	1.18e-07	6.92e-06	2.03e-06	1.73e-05	1.42e-05	9.37e-06	-0.001786	-0.001889	-0.005099	-0.003263	-0.001549
"2016-05-17 00:00"	0.000000	1.33e-07	7.86e-06	2.34e-06	1.99e-05	1.64e-05	1.08e-05	-0.001804	-0.001856	-0.004994	-0.003262	-0.001500
"2016-05-18 00:00"	0.000000	1.14e-07	6.36e-06	1.87e-06	1.58e-05	1.30e-05	8.44e-06	-0.001835	-0.001827	-0.004906	-0.003263	-0.001453
"2016-05-19 00:00"	0.000000	1.51e-07	8.84e-06	2.72e-06	2.31e-05	1.90e-05	1.25e-05	-0.001887	-0.001801	-0.004829	-0.003262	-0.001409
"2016-05-20 00:00"	0.000000	1.67e-07	9.79e-06	3.06e-06	2.61e-05	2.14e-05	1.41e-05	-0.001900	-0.001776	-0.004753	-0.003261	-0.001365
"2016-05-21 00:00"	0.000000	1.46e-07	8.16e-06	2.50e-06	2.12e-05	1.76e-05	1.14e-05	-0.001871	-0.001750	-0.004671	-0.003260	-0.001321
"2016-05-22 00:00"	0.000000	1.58e-07	8.90e-06	2.76e-06	2.35e-05	1.93e-05	1.28e-05	-0.001922	-0.001737	-0.004635	-0.003261	-0.001285
"2016-05-23 00:00"	0.000000	1.62e-07	9.02e-06	2.78e-06	2.37e-05	1.95e-05	1.29e-05	-0.001921	-0.001725	-0.004600	-0.003260	-0.001251
"2016-05-24 00:00"	0.000000	1.69e-07	9.17e-06	2.85e-06	2.41e-05	1.98e-05	1.31e-05	-0.001917	-0.001716	-0.004571	-0.003260	-0.001219
"2016-05-25 00:00"	0.000000	1.20e-07	5.68e-06	1.69e-06	1.44e-05	1.20e-05	7.89e-06	-0.001875	-0.001705	-0.004533	-0.003260	-0.001186
"2016-05-26 00:00"	0.000000	1.40e-07	7.12e-06	2.07e-06	1.77e-05	1.45e-05	9.60e-06	-0.001795	-0.001691	-0.004480	-0.003259	-0.001152
"2016-05-27 00:00"	0.000000	1.83e-07	9.52e-06	2.95e-06	2.51e-05	2.06e-05	1.38e-05	-0.001695	-0.001673	-0.004417	-0.003258	-0.001117
"2016-05-28 00:00"	0.000000	1.79e-07	9.05e-06	2.82e-06	2.40e-05	1.97e-05	1.32e-05	-0.001581	-0.001653	-0.004342	-0.003255	-0.001080
"2016-05-29 00:00"	0.000000	1.42e-07	6.58e-06	1.92e-06	1.65e-05	1.36e-05	9.15e-06	-0.001460	-0.001629	-0.004258	-0.003253	-0.001042
"2016-05-30 00:00"	0.000000	1.86e-07	8.77e-06	2.68e-06	2.27e-05	1.85e-05	1.26e-05	-0.001368	-0.001608	-0.004186	-0.003250	-0.001006
"2016-05-31 00:00"	0.000000	1.93e-07	8.55e-06	2.63e-06	2.25e-05	1.85e-05	1.25e-05	-0.001318	-0.001594	-0.004137	-0.003247	-9.75e-04
"2016-06-01 00:00"	0.000000	2.10e-07	8.93e-06	2.77e-06	2.35e-05	1.92e-05	1.30e-05	-0.001260	-0.001577	-0.004080	-0.003242	-9.43e-04
"2016-06-02 00:00"	0.000000	2.26e-07	9.53e-06	2.98e-06	2.53e-05	2.08e-05	1.41e-05	-0.001192	-0.001556	-0.004012	-0.003236	-9.10e-04
"2016-06-03 00:00"	0.000000	1.75e-07	6.74e-06	2.02e-06	1.72e-05	1.42e-05	9.84e-06	-0.001125	-0.001534	-0.003941	-0.003230	-8.76e-04
"2016-06-04 00:00"	0.000000	1.84e-07	6.81e-06	2.01e-06	1.71e-05	1.40e-05	9.61e-06	-0.001129	-0.001523	-0.003906	-0.003227	-8.48e-04
"2016-06-05 00:00"	0.000000	1.99e-07	7.06e-06	2.11e-06	1.79e-05	1.47e-05	9.99e-06	-0.001204	-0.001517	-0.003892	-0.003223	-8.25e-04
"2016-06-06 00:00"	0.000000	2.49e-07	9.35e-06	2.93e-06	2.48e-05	2.03e-05	1.38e-05	-0.001267	-0.001511	-0.003874	-0.003217	-8.01e-04
"2016-06-07 00:00"	0.000000	2.27e-07	8.41e-06	2.62e-06	2.22e-05	1.84e-05	1.20e-05	-0.001317	-0.001505	-0.003862	-0.003209	-7.78e-04
"2016-06-08 00:00"	0.000000	2.20e-07	8.04e-06	2.45e-06	2.10e-05	1.72e-05	1.17e-05	-0.001381	-0.001508	-0.003877	-0.003204	-7.61e-04
"2016-06-09 00:00"	0.000000	2.32e-07	8.51e-06	2.64e-06	2.23e-05	1.85e-05	1.22e-05	-0.001420	-0.001509	-0.003892	-0.003197	-7.44e-04
"2016-06-10 00:00"	0.000000	2.37e-07	8.78e-06	2.73e-06	2.31e-05	1.90e-05	1.29e-05	-0.001463	-0.001517	-0.003929	-0.003190	-7.30e-04
"2016-06-11 00:00"	0.000000	2.26e-07	8.30e-06	2.54e-06	2.16e-05	1.78e-05	1.20e-05	-0.001478	-0.001522	-0.003961	-0.003182	-7.17e-04
"2016-06-12 00:00"	0.000000	1.89e-07	6.54e-06	1.89e-06	1.65e-05	1.35e-05	9.23e-06	-0.001519	-0.001532	-0.004010	-0.003175	-7.06e-04
"2016-06-13 00:00"	0.000000	1.86e-07	6.03e-06	1.77e-06	1.50e-05	1.23e-05	8.40e-06	-0.001536	-0.001539	-0.004052	-0.003168	-6.96e-04
"2016-06-14 00:00"	0.000000	1.77e-07	5.35e-06	1.58e-06	1.34e-05	1.10e-05	7.47e-06	-0.001567	-0.001545	-0.004099	-0.003161	-6.86e-04
"2016-06-15 00:00"	0.000000	2.19e-07	6.33e-06	1.85e-06	1.57e-05	1.29e-05	8.46e-06	-0.001605	-0.001553	-0.004154	-0.003153	-6.78e-04
