"2015-06-16 00:00"	0.000000	0.000000	0.000000	0.000000	0.000000	0.000000	0.000000	0.000000	0.000000	0.000000	0.000000	0.000000
"2015-06-17 00:00"	0.000000	0.000000	0.000000	0.000000	0.000000	0.000000	0.000000	-0.004444	-0.001491	-0.003146	-0.002803	-0.004054
"2015-06-18 00:00"	0.000000	0.000000	0.000000	0.000000	0.000000	0.000000	0.000000	-0.004670	-0.001314	-0.003314	-0.008613	-0.004252
"2015-06-19 00:00"	0.000000	0.000000	0.000000	0.000000	0.000000	0.000000	0.000000	-4.23e-04	0.000000	-2.93e-04	-0.011963	0.000000
"2015-06-20 00:00"	0.000000	0.000000	0.000000	0.000000	0.000000	0.000000	0.000000	-0.001067	-1.10e-06	-0.002554	-0.012357	-7.67e-07
"2015-06-21 00:00"	0.000000	0.000000	0.000000	0.000000	0.000000	0.000000	0.000000	-0.002580	0.000000	-0.011920	-0.013306	0.000000
"2015-06-22 00:00"	0.000000	0.000000	0.000000	0.000000	0.000000	0.000000	0.000000	-0.001027	0.000000	-0.005946	-0.012332	0.000000
"2015-06-23 00:00"	0.000000	0.000000	0.000000	0.000000	0.000000	0.000000	0.000000	-1.97e-04	0.000000	-0.003622	-0.011774	0.000000
"2015-06-24 00:00"	0.000000	0.000000	0.000000	0.000000	0.000000	0.000000	0.000000	-4.86e-04	0.000000	-0.002953	-0.011990	0.000000
"2015-06-25 00:00"	0.000000	0.000000	0.000000	0.000000	0.000000	0.000000	0.000000	-0.002265	0.000000	-0.003462	-0.013141	0.000000
"2015-06-26 00:00"	0.000000	0.000000	0.000000	0.000000	0.000000	0.000000	0.000000	-0.005538	0.000000	-0.004970	-0.015181	0.000000
"2015-06-27 00:00"	0.000000	0.000000	0.000000	0.000000	0.000000	0.000000	0.000000	-0.001790	0.000000	-0.001744	-0.012834	0.000000
"2015-06-28 00:00"	0.000000	0.000000	0.000000	0.000000	0.000000	0.000000	0.000000	-4.07e-04	0.000000	-3.73e-04	-0.011934	0.000000
"2015-06-29 00:00"	0.000000	0.000000	0.000000	0.000000	0.000000	0.000000	0.000000	-0.001668	0.000000	-0.001154	-0.012771	0.000000
"2015-06-30 00:00"	0.000000	0.000000	0.000000	0.000000	0.000000	0.000000	0.000000	-6.03e-04	0.000000	-4.14e-04	-0.012097	0.000000
"2015-07-01 00:00"	0.000000	0.000000	0.000000	0.000000	0.000000	0.000000	0.000000	-1.32e-04	0.000000	-8.49e-05	-0.011764	0.000000
"2015-07-02 00:00"	0.000000	0.000000	0.000000	0.000000	0.000000	0.000000	0.000000	0.000000	0.000000	0.000000	-0.011738	0.000000
"2015-07-03 00:00"	0.000000	0.000000	0.000000	0.000000	0.000000	0.000000	0.000000	-1.59e-04	0.000000	-1.09e-04	-0.011814	0.000000
"2015-07-04 00:00"	0.000000	0.000000	0.000000	0.000000	0.000000	0.000000	0.000000	-5.38e-05	0.000000	-2.79e-05	-0.011748	0.000000
"2015-07-05 00:00"	0.000000	0.000000	0.000000	0.000000	0.000000	0.000000	0.000000	-6.60e-04	0.000000	-4.55e-04	-0.011256	0.000000
"2015-07-06 00:00"	0.000000	0.000000	0.000000	0.000000	0.000000	0.000000	0.000000	-0.002896	0.000000	-0.002056	-0.005891	0.000000
"2015-07-07 00:00"	0.000000	0.000000	0.000000	0.000000	0.000000	0.000000	0.000000	-2.97e-04	0.000000	-2.29e-04	-0.004110	0.000000
"2015-07-08 00:00"	0.000000	0.000000	0.000000	0.000000	0.000000	0.000000	0.000000	-5.28e-04	-4.95e-07	-3.55e-04	-0.003926	-3.45e-07
"2015-07-09 00:00"	0.000000	0.000000	0.000000	0.000000	0.000000	0.000000	0.000000	-4.92e-04	0.000000	-3.49e-04	-0.003645	0.000000
"2015-07-10 00:00"	0.000000	0.000000	0.000000	0.000000	0.000000	0.000000	0.000000	-1.38e-04	0.000000	-1.05e-04	-0.003184	0.000000
"2015-07-11 00:00"	0.000000	0.000000	0.000000	0.000000	0.000000	0.000000	0.000000	-0.004169	-8.91e-07	-0.002940	-0.005251	-6.22e-07
"2015-07-12 00:00"	0.000000	0.000000	0.000000	0.000000	0.000000	0.000000	0.000000	-7.47e-04	0.000000	-5.68e-04	-0.003148	0.000000
"2015-07-13 00:00"	0.000000	0.000000	0.000000	0.000000	0.000000	0.000000	0.000000	-3.88e-05	0.000000	-7.42e-04	-0.003010	0.000000
"2015-07-14 00:00"	0.000000	0.000000	0.000000	0.000000	0.000000	0.000000	0.000000	0.000000	0.000000	0.000000	-0.002087	0.000000
"2015-07-15 00:00"	0.000000	0.000000	0.000000	0.000000	0.000000	0.000000	0.000000	0.000000	0.000000	0.000000	-0.001989	0.000000
"2015-07-16 00:00"	0.000000	0.000000	0.000000	0.000000	0.000000	0.000000	0.000000	-6.72e-07	-6.70e-07	-5.04e-07	-0.001929	-4.68e-07
"2015-07-17 00:00"	0.000000	0.000000	0.000000	0.000000	0.000000	0.000000	0.000000	0.000000	0.000000	0.000000	-0.002728	0.000000
"2015-07-18 00:00"	0.000000	0.000000	0.000000	0.000000	0.000000	0.000000	0.000000	0.000000	0.000000	0.000000	-0.001292	0.000000
"2015-07-19 00:00"	0.000000	0.000000	0.000000	0.000000	0.000000	0.000000	0.000000	-7.11e-07	-7.38e-07	-5.55e-07	-0.002192	-5.15e-07
"2015-07-20 00:00"	0.000000	0.000000	0.000000	0.000000	0.000000	0.000000	0.000000	-8.93e-07	-8.87e-07	-6.68e-07	-0.001111	-6.19e-07
"2015-07-21 00:00"	0.000000	0.000000	0.000000	0.000000	0.000000	0.000000	0.000000	0.000000	0.000000	0.000000	-0.001215	0.000000
"2015-07-22 00:00"	0.000000	0.000000	0.000000	0.000000	0.000000	0.000000	0.000000	-7.13e-07	-7.11e-07	-5.35e-07	-2.74e-04	-4.97e-07
"2015-07-23 00:00"	0.000000	0.000000	0.000000	0.000000	0.000000	0.000000	0.000000	0.000000	0.000000	0.000000	-0.001647	0.000000
"2015-07-24 00:00"	0.000000	0.000000	0.000000	0.000000	0.000000	0.000000	0.000000	0.000000	0.000000	0.000000	-4.71e-04	0.000000
"2015-07-25 00:00"	0.000000	0.000000	0.000000	0.000000	0.000000	0.000000	0.000000	-0.001930	-7.48e-06	-5.63e-06	-0.002458	-5.22e-06
"2015-07-26 00:00"	0.000000	0.000000	0.000000	0.000000	0.000000	0.000000	0.000000	0.000000	0.000000	0.000000	-2.35e-04	0.000000
"2015-07-27 00:00"	0.000000	0.000000	0.000000	0.000000	0.000000	0.000000	0.000000	0.000000	0.000000	0.000000	-2.42e-05	0.000000
"2015-07-28 00:00"	0.000000	0.000000	0.000000	0.000000	0.000000	0.000000	0.000000	0.000000	0.000000	0.000000	-8.19e-05	0.000000
"2015-07-29 00:00"	0.000000	0.000000	0.000000	0.000000	0.000000	0.000000	0.000000	0.000000	0.000000	0.000000	-1.48e-05	0.000000
"2015-07-30 00:00"	0.000000	0.000000	0.000000	0.000000	0.000000	0.000000	0.000000	0.000000	0.000000	0.000000	-1.08e-05	0.000000
"2015-07-31 00:00"	0.000000	0.000000	0.000000	0.000000	0.000000	0.000000	0.000000	0.000000	0.000000	0.000000	-2.66e-05	0.000000
"2015-08-01 00:00"	0.000000	0.000000	0.000000	0.000000	0.000000	0.000000	0.000000	0.000000	0.000000	0.000000	-1.43e-05	0.000000
"2015-08-02 00:00"	0.000000	0.000000	0.000000	0.000000	0.000000	0.000000	0.000000	0.000000	0.000000	0.000000	-8.94e-05	0.000000
"2015-08-03 00:00"	0.000000	0.000000	0.000000	0.000000	0.000000	0.000000	0.000000	0.000000	0.000000	0.000000	-4.94e-05	0.000000
"2015-08-04 00:00"	0.000000	0.000000	0.000000	0.000000	0.000000	0.000000	0.000000	0.000000	0.000000	0.000000	-7.60e-05	0.000000
"2015-08-05 00:00"	0.000000	0.000000	0.000000	0.000000	0.000000	0.000000	0.000000	0.000000	0.000000	0.000000	-1.52e-04	0.000000
"2015-08-06 00:00"	0.000000	0.000000	0.000000	0.000000	0.000000	0.000000	0.000000	0.000000	0.000000	0.000000	-4.25e-06	0.000000
"2015-08-07 00:00"	0.000000	0.000000	0.000000	0.000000	0.000000	0.000000	0.000000	0.000000	0.000000	0.000000	-1.20e-04	0.000000
"2015-08-08 00:00"	0.000000	0.000000	0.000000	0.000000	0.000000	0.000000	0.000000	0.000000	0.000000	0.000000	-8.24e-05	0.000000
"2015-08-09 00:00"	0.000000	0.000000	0.000000	0.000000	0.000000	0.000000	0.000000	0.000000	0.000000	0.000000	-3.98e-05	0.000000
"2015-08-10 00:00"	0.000000	0.000000	0.000000	0.000000	0.000000	0.000000	0.000000	0.000000	0.000000	0.000000	-4.93e-05	0.000000
"2015-08-11 00:00"	0.000000	0.000000	0.000000	0.000000	0.000000	0.000000	0.000000	0.000000	0.000000	0.000000	-1.16e-05	0.000000
"2015-08-12 00:00"	0.000000	0.000000	0.000000	0.000000	0.000000	0.000000	0.000000	0.000000	0.000000	0.000000	-4.02e-06	0.000000
"2015-08-13 00:00"	0.000000	0.000000	0.000000	0.000000	0.000000	0.000000	0.000000	0.000000	0.000000	0.000000	-1.35e-06	0.000000
"2015-08-14 00:00"	0.000000	0.000000	0.000000	0.000000	0.000000	0.000000	0.000000	0.000000	0.000000	0.000000	-9.11e-05	0.000000
"2015-08-15 00:00"	0.000000	0.000000	0.000000	0.000000	0.000000	0.000000	0.000000	0.000000	0.000000	0.000000	-4.55e-05	0.000000
"2015-08-16 00:00"	0.000000	0.000000	0.000000	0.000000	0.000000	0.000000	0.000000	0.000000	0.000000	0.000000	-4.50e-05	0.000000
"2015-08-17 00:00"	0.000000	0.000000	0.000000	0.000000	0.000000	0.000000	0.000000	0.000000	0.000000	0.000000	-3.79e-06	0.000000
"2015-08-18 00:00"	0.000000	0.000000	0.000000	0.000000	0.000000	0.000000	0.000000	0.000000	0.000000	0.000000	0.000000	0.000000
"2015-08-19 00:00"	0.000000	0.000000	0.000000	0.000000	0.000000	0.000000	0.000000	0.000000	0.000000	0.000000	0.000000	0.000000
"2015-08-20 00:00"	0.000000	0.000000	0.000000	0.000000	0.000000	0.000000	0.000000	0.000000	0.000000	0.000000	0.000000	0.000000
"2015-08-21 00:00"	0.000000	0.000000	0.000000	0.000000	0.000000	0.000000	0.000000	0.000000	0.000000	0.000000	0.000000	0.000000
"2015-08-22 00:00"	0.000000	0.000000	0.000000	0.000000	0.000000	0.000000	0.000000	0.000000	0.000000	0.000000	0.000000	0.000000
"2015-08-23 00:00"	0.000000	0.000000	0.000000	0.000000	0.000000	0.000000	0.000000	0.000000	0.000000	0.000000	0.000000	0.000000
"2015-08-24 00:00"	0.000000	0.000000	0.000000	0.000000	0.000000	0.000000	0.000000	0.000000	0.000000	0.000000	0.000000	0.000000
"2015-08-25 00:00"	0.000000	0.000000	0.000000	0.000000	0.000000	0.000000	0.000000	0.000000	0.000000	0.000000	0.000000	0.000000
"2015-08-26 00:00"	0.000000	0.000000	0.000000	0.000000	0.000000	0.000000	0.000000	0.000000	0.000000	0.000000	0.000000	0.000000
"2015-08-27 00:00"	0.000000	0.000000	0.000000	0.000000	0.000000	0.000000	0.000000	0.000000	0.000000	0.000000	0.000000	0.000000
"2015-08-28 00:00"	0.000000	0.000000	0.000000	0.000000	0.000000	0.000000	0.000000	0.000000	0.000000	0.000000	0.000000	0.000000
"2015-08-29 00:00"	0.000000	0.000000	0.000000	0.000000	0.000000	0.000000	0.000000	0.000000	0.000000	0.000000	0.000000	0.000000
"2015-08-30 00:00"	0.000000	0.000000	0.000000	0.000000	0.000000	0.000000	0.000000	0.000000	0.000000	0.000000	0.000000	0.000000
"2015-08-31 00:00"	0.000000	0.000000	0.000000	0.000000	0.000000	0.000000	0.000000	0.000000	0.000000	0.000000	0.000000	0.000000
"2015-09-01 00:00"	0.000000	0.000000	0.000000	0.000000	0.000000	0.000000	0.000000	0.000000	0.000000	0.000000	0.000000	0.000000
"2015-09-02 00:00"	0.000000	0.000000	0.000000	0.000000	0.000000	0.000000	0.000000	0.000000	0.000000	0.000000	0.000000	0.000000
"2015-09-03 00:00"	0.000000	0.000000	0.000000	0.000000	0.000000	0.000000	0.000000	0.000000	0.000000	0.000000	0.000000	0.000000
"2015-09-04 00:00"	0.000000	0.000000	0.000000	0.000000	0.000000	0.000000	0.000000	0.000000	0.000000	0.000000	0.000000	0.000000
"2015-09-05 00:00"	0.000000	0.000000	0.000000	0.000000	0.000000	0.000000	0.000000	-1.04e-06	-9.47e-07	-7.23e-07	-7.35e-07	-6.60e-07
"2015-09-06 00:00"	0.000000	0.000000	0.000000	0.000000	0.000000	0.000000	0.000000	0.000000	0.000000	0.000000	0.000000	0.000000
"2015-09-07 00:00"	0.000000	0.000000	0.000000	0.000000	0.000000	0.000000	0.000000	0.000000	0.000000	0.000000	0.000000	0.000000
"2015-09-08 00:00"	0.000000	0.000000	0.000000	0.000000	0.000000	0.000000	0.000000	-9.62e-07	-8.73e-07	-6.01e-07	-5.30e-07	-6.15e-07
"2015-09-09 00:00"	0.000000	0.000000	0.000000	0.000000	0.000000	0.000000	0.000000	0.000000	0.000000	0.000000	0.000000	0.000000
"2015-09-10 00:00"	0.000000	0.000000	0.000000	0.000000	0.000000	0.000000	0.000000	0.000000	0.000000	0.000000	0.000000	0.000000
"2015-09-11 00:00"	0.000000	0.000000	0.000000	0.000000	0.000000	0.000000	0.000000	0.000000	0.000000	0.000000	0.000000	0.000000
"2015-09-12 00:00"	0.000000	0.000000	0.000000	0.000000	0.000000	0.000000	0.000000	0.000000	0.000000	0.000000	0.000000	0.000000
"2015-09-13 00:00"	0.000000	0.000000	0.000000	0.000000	0.000000	0.000000	0.000000	0.000000	0.000000	0.000000	0.000000	0.000000
"2015-09-14 00:00"	0.000000	0.000000	0.000000	0.000000	0.000000	0.000000	0.000000	0.000000	0.000000	0.000000	0.000000	0.000000
"2015-09-15 00:00"	0.000000	0.000000	0.000000	0.000000	0.000000	0.000000	0.000000	0.000000	0.000000	0.000000	0.000000	0.000000
"2015-09-16 00:00"	0.000000	0.000000	0.000000	0.000000	0.000000	0.000000	0.000000	0.000000	0.000000	0.000000	0.000000	0.000000
"2015-09-17 00:00"	0.000000	0.000000	0.000000	0.000000	0.000000	0.000000	0.000000	-1.75e-06	-1.75e-06	-1.32e-06	-1.32e-06	-1.22e-06
"2015-09-18 00:00"	0.000000	0.000000	0.000000	0.000000	0.000000	0.000000	0.000000	0.000000	0.000000	0.000000	0.000000	0.000000
"2015-09-19 00:00"	0.000000	0.000000	0.000000	0.000000	0.000000	0.000000	0.000000	-1.73e-06	-1.75e-06	-1.32e-06	-1.32e-06	-1.22e-06
"2015-09-20 00:00"	0.000000	0.000000	0.000000	0.000000	0.000000	0.000000	0.000000	0.000000	0.000000	0.000000	0.000000	0.000000
"2015-09-21 00:00"	0.000000	0.000000	0.000000	0.000000	0.000000	0.000000	0.000000	0.000000	0.000000	0.000000	0.000000	0.000000
"2015-09-22 00:00"	0.000000	0.000000	0.000000	0.000000	0.000000	0.000000	0.000000	-3.13e-06	-3.12e-06	-2.34e-06	-2.34e-06	-2.17e-06
"2015-09-23 00:00"	0.000000	0.000000	0.000000	0.000000	0.000000	0.000000	0.000000	0.000000	0.000000	0.000000	0.000000	0.000000
"2015-09-24 00:00"	0.000000	0.000000	0.000000	0.000000	0.000000	0.000000	0.000000	-2.78e-06	-2.80e-06	-2.11e-06	-2.11e-06	-1.96e-06
"2015-09-25 00:00"	0.000000	0.000000	0.000000	0.000000	0.000000	0.000000	0.000000	0.000000	0.000000	0.000000	0.000000	0.000000
"2015-09-26 00:00"	0.000000	0.000000	0.000000	0.000000	0.000000	0.000000	0.000000	-4.43e-06	-4.43e-06	-3.33e-06	-3.34e-06	-3.10e-06
"2015-09-27 00:00"	0.000000	0.000000	0.000000	0.000000	0.000000	0.000000	0.000000	-7.26e-07	-6.99e-07	-5.24e-07	-5.22e-07	-4.89e-07
"2015-09-28 00:00"	0.000000	0.000000	0.000000	0.000000	0.000000	0.000000	0.000000	0.000000	0.000000	0.000000	0.000000	0.000000
"2015-09-29 00:00"	0.000000	0.000000	0.000000	0.000000	0.000000	0.000000	0.000000	-8.37e-07	-7.82e-07	-5.87e-07	-5.86e-07	-5.46e-07
"2015-09-30 00:00"	0.000000	0.000000	0.000000	0.000000	0.000000	0.000000	0.000000	0.000000	0.000000	0.000000	0.000000	0.000000
"2015-10-01 00:00"	0.000000	0.000000	0.000000	0.000000	0.000000	0.000000	0.000000	0.000000	0.000000	0.000000	0.000000	0.000000
"2015-10-02 00:00"	0.000000	0.000000	0.000000	0.000000	0.000000	0.000000	0.000000	0.000000	0.000000	0.000000	0.000000	0.000000
"2015-10-03 00:00"	0.000000	0.000000	0.000000	0.000000	0.000000	0.000000	0.000000	0.000000	0.000000	0.000000	0.000000	0.000000
"2015-10-04 00:00"	0.000000	0.000000	0.000000	0.000000	0.000000	0.000000	0.000000	0.000000	0.000000	0.000000	0.000000	0.000000
"2015-10-05 00:00"	0.000000	0.000000	0.000000	0.000000	0.000000	0.000000	0.000000	-1.49e-06	-1.53e-06	-1.15e-06	-1.15e-06	-1.07e-06
"2015-10-06 00:00"	0.000000	0.000000	0.000000	0.000000	0.000000	0.000000	0.000000	-1.10e-06	-1.00e-06	-7.51e-07	-7.51e-07	-6.98e-07
"2015-10-07 00:00"	0.000000	0.000000	0.000000	0.000000	0.000000	0.000000	0.000000	0.000000	0.000000	0.000000	0.000000	0.000000
"2015-10-08 00:00"	0.000000	0.000000	0.000000	0.000000	0.000000	0.000000	0.000000	0.000000	0.000000	0.000000	0.000000	0.000000
"2015-10-09 00:00"	0.000000	0.000000	0.000000	0.000000	0.000000	0.000000	0.000000	0.000000	0.000000	0.000000	0.000000	0.000000
"2015-10-10 00:00"	0.000000	0.000000	0.000000	0.000000	0.000000	0.000000	0.000000	0.000000	0.000000	0.000000	0.000000	0.000000
"2015-10-11 00:00"	0.000000	0.000000	0.000000	0.000000	0.000000	0.000000	0.000000	0.000000	0.000000	0.000000	0.000000	0.000000
"2015-10-12 00:00"	0.000000	0.000000	0.000000	0.000000	0.000000	0.000000	0.000000	0.000000	0.000000	0.000000	0.000000	0.000000
"2015-10-13 00:00"	0.000000	0.000000	0.000000	0.000000	0.000000	0.000000	0.000000	-5.46e-07	-6.06e-07	-4.56e-07	-4.57e-07	-4.23e-07
"2015-10-14 00:00"	0.000000	0.000000	0.000000	0.000000	0.000000	0.000000	0.000000	-1.71e-05	-1.72e-05	-1.30e-05	-1.30e-05	-1.21e-05
"2015-10-15 00:00"	0.000000	0.000000	0.000000	0.000000	0.000000	0.000000	0.000000	-0.001346	-3.53e-05	-2.61e-05	-2.66e-05	-2.38e-05
"2015-10-16 00:00"	0.000000	0.000000	0.000000	0.000000	0.000000	0.000000	0.000000	-0.002530	-4.92e-05	-3.71e-05	-3.70e-05	-3.45e-05
"2015-10-17 00:00"	0.000000	0.000000	0.000000	0.000000	0.000000	0.000000	0.000000	-2.40e-04	-7.68e-07	-5.78e-07	-5.79e-07	-5.35e-07
"2015-10-18 00:00"	0.000000	0.000000	0.000000	0.000000	0.000000	0.000000	0.000000	0.000000	0.000000	0.000000	0.000000	0.000000
"2015-10-19 00:00"	0.000000	0.000000	0.000000	0.000000	0.000000	0.000000	0.000000	0.000000	0.000000	0.000000	0.000000	0.000000
"2015-10-20 00:00"	0.000000	0.000000	0.000000	0.000000	0.000000	0.000000	0.000000	0.000000	0.000000	0.000000	0.000000	0.000000
"2015-10-21 00:00"	0.000000	0.000000	0.000000	0.000000	0.000000	0.000000	0.000000	-1.28e-06	-1.28e-06	-9.61e-07	-9.61e-07	-8.92e-07
"2015-10-22 00:00"	0.000000	0.000000	0.000000	0.000000	0.000000	0.000000	0.000000	0.000000	0.000000	0.000000	0.000000	0.000000
"2015-10-23 00:00"	0.000000	0.000000	0.000000	0.000000	0.000000	0.000000	0.000000	0.000000	0.000000	0.000000	0.000000	0.000000
"2015-10-24 00:00"	0.000000	0.000000	0.000000	0.000000	0.000000	0.000000	0.000000	0.000000	0.000000	0.000000	0.000000	0.000000
"2015-10-25 00:00"	0.000000	0.000000	0.000000	0.000000	0.000000	0.000000	0.000000	0.000000	0.000000	0.000000	0.000000	0.000000
"2015-10-26 00:00"	0.000000	0.000000	0.000000	0.000000	0.000000	0.000000	0.000000	0.000000	0.000000	0.000000	0.000000	0.000000
"2015-10-27 00:00"	0.000000	0.000000	0.000000	0.000000	0.000000	0.000000	0.000000	0.000000	0.000000	0.000000	0.000000	0.000000
"2015-10-28 00:00"	0.000000	0.000000	0.000000	0.000000	0.000000	0.000000	0.000000	0.000000	0.000000	0.000000	0.000000	0.000000
"2015-10-29 00:00"	0.000000	0.000000	0.000000	0.000000	0.000000	0.000000	0.000000	0.000000	0.000000	0.000000	0.000000	0.000000
"2015-10-30 00:00"	0.000000	0.000000	0.000000	0.000000	0.000000	0.000000	0.000000	0.000000	0.000000	0.000000	0.000000	0.000000
"2015-10-31 00:00"	0.000000	0.000000	0.000000	0.000000	0.000000	0.000000	0.000000	0.000000	0.000000	0.000000	0.000000	0.000000
"2015-11-01 00:00"	0.000000	0.000000	0.000000	0.000000	0.000000	0.000000	0.000000	0.000000	0.000000	0.000000	0.000000	0.000000
"2015-11-02 00:00"	0.000000	0.000000	0.000000	0.000000	0.000000	0.000000	0.000000	0.000000	0.000000	0.000000	0.000000	0.000000
"2015-11-03 00:00"	0.000000	0.000000	0.000000	0.000000	0.000000	0.000000	0.000000	0.000000	0.000000	0.000000	0.000000	0.000000
"2015-11-04 00:00"	0.000000	0.000000	0.000000	0.000000	0.000000	0.000000	0.000000	0.000000	0.000000	0.000000	0.000000	0.000000
"2015-11-05 00:00"	0.000000	0.000000	0.000000	0.000000	0.000000	0.000000	0.000000	0.000000	0.000000	0.000000	0.000000	0.000000
"2015-11-06 00:00"	0.000000	0.000000	0.000000	0.000000	0.000000	0.000000	0.000000	0.000000	0.000000	0.000000	0.000000	0.000000
"2015-11-07 00:00"	0.000000	0.000000	0.000000	0.000000	0.000000	0.000000	0.000000	0.000000	0.000000	0.000000	0.000000	0.000000
"2015-11-08 00:00"	0.000000	0.000000	0.000000	0.000000	0.000000	0.000000	0.000000	-7.04e-06	-7.03e-06	-5.26e-06	-5.28e-06	-5.21e-06
"2015-11-09 00:00"	0.000000	0.000000	0.000000	0.000000	0.000000	0.000000	0.000000	0.000000	0.000000	0.000000	0.000000	0.000000
"2015-11-10 00:00"	0.000000	0.000000	0.000000	0.000000	0.000000	0.000000	0.000000	0.000000	0.000000	0.000000	0.000000	0.000000
"2015-11-11 00:00"	0.000000	0.000000	0.000000	0.000000	0.000000	0.000000	0.000000	-6.28e-07	-7.70e-07	-5.79e-07	-5.81e-07	-5.37e-07
"2015-11-12 00:00"	0.000000	0.000000	0.000000	0.000000	0.000000	0.000000	0.000000	0.000000	0.000000	0.000000	0.000000	0.000000
"2015-11-13 00:00"	0.000000	0.000000	0.000000	0.000000	0.000000	0.000000	0.000000	-7.19e-07	-7.77e-07	-5.85e-07	-5.87e-07	-5.43e-07
"2015-11-14 00:00"	0.000000	0.000000	0.000000	0.000000	0.000000	0.000000	0.000000	0.000000	0.000000	0.000000	0.000000	0.000000
"2015-11-15 00:00"	0.000000	0.000000	0.000000	0.000000	0.000000	0.000000	0.000000	0.000000	0.000000	0.000000	0.000000	0.000000
"2015-11-16 00:00"	0.000000	0.000000	0.000000	0.000000	0.000000	0.000000	0.000000	-8.60e-07	-9.20e-07	-6.93e-07	-6.91e-07	-6.45e-07
"2015-11-17 00:00"	0.000000	0.000000	0.000000	0.000000	0.000000	0.000000	0.000000	0.000000	0.000000	0.000000	0.000000	0.000000
"2015-11-18 00:00"	0.000000	0.000000	0.000000	0.000000	0.000000	0.000000	0.000000	-2.77e-06	-1.92e-06	-1.45e-06	-1.45e-06	-1.34e-06
"2015-11-19 00:00"	0.000000	0.000000	0.000000	0.000000	0.000000	0.000000	0.000000	0.000000	0.000000	0.000000	0.000000	0.000000
"2015-11-20 00:00"	0.000000	0.000000	0.000000	0.000000	0.000000	0.000000	0.000000	0.000000	0.000000	0.000000	0.000000	0.000000
"2015-11-21 00:00"	0.000000	0.000000	0.000000	0.000000	0.000000	0.000000	0.000000	0.000000	0.000000	0.000000	0.000000	0.000000
"2015-11-22 00:00"	0.000000	0.000000	0.000000	0.000000	0.000000	0.000000	0.000000	0.000000	0.000000	0.000000	0.000000	0.000000
"2015-11-23 00:00"	0.000000	0.000000	0.000000	0.000000	0.000000	0.000000	0.000000	0.000000	0.000000	0.000000	0.000000	0.000000
"2015-11-24 00:00"	0.000000	0.000000	0.000000	0.000000	0.000000	0.000000	0.000000	0.000000	0.000000	0.000000	0.000000	0.000000
"2015-11-25 00:00"	0.000000	0.000000	0.000000	0.000000	0.000000	0.000000	0.000000	0.000000	0.000000	0.000000	0.000000	0.000000
"2015-11-26 00:00"	0.000000	0.000000	0.000000	0.000000	0.000000	0.000000	0.000000	0.000000	0.000000	0.000000	0.000000	0.000000
"2015-11-27 00:00"	0.000000	0.000000	0.000000	0.000000	0.000000	0.000000	0.000000	0.000000	0.000000	0.000000	0.000000	0.000000
"2015-11-28 00:00"	0.000000	0.000000	0.000000	0.000000	0.000000	0.000000	0.000000	0.000000	0.000000	0.000000	0.000000	0.000000
"2015-11-29 00:00"	0.000000	0.000000	0.000000	0.000000	0.000000	0.000000	0.000000	-2.81e-06	-2.79e-06	-2.10e-06	-2.10e-06	-1.95e-06
"2015-11-30 00:00"	0.000000	0.000000	0.000000	0.000000	0.000000	0.000000	0.000000	0.000000	0.000000	0.000000	0.000000	0.000000
"2015-12-01 00:00"	0.000000	0.000000	0.000000	0.000000	0.000000	0.000000	0.000000	0.000000	0.000000	0.000000	0.000000	0.000000
"2015-12-02 00:00"	0.000000	0.000000	0.000000	0.000000	0.000000	0.000000	0.000000	-6.61e-06	-6.58e-06	-4.95e-06	-4.95e-06	-4.60e-06
"2015-12-03 00:00"	0.000000	0.000000	0.000000	0.000000	0.000000	0.000000	0.000000	0.000000	0.000000	0.000000	0.000000	0.000000
"2015-12-04 00:00"	0.000000	0.000000	0.000000	0.000000	0.000000	0.000000	0.000000	0.000000	0.000000	0.000000	0.000000	0.000000
"2015-12-05 00:00"	0.000000	0.000000	0.000000	0.000000	0.000000	0.000000	0.000000	0.000000	0.000000	0.000000	0.000000	0.000000
"2015-12-06 00:00"	0.000000	0.000000	0.000000	0.000000	0.000000	0.000000	0.000000	0.000000	0.000000	0.000000	0.000000	0.000000
"2015-12-07 00:00"	0.000000	0.000000	0.000000	0.000000	0.000000	0.000000	0.000000	0.000000	0.000000	0.000000	0.000000	0.000000
"2015-12-08 00:00"	0.000000	0.000000	0.000000	0.000000	0.000000	0.000000	0.000000	0.000000	0.000000	0.000000	0.000000	0.000000
"2015-12-09 00:00"	0.000000	0.000000	0.000000	0.000000	0.000000	0.000000	0.000000	0.000000	0.000000	0.000000	0.000000	0.000000
"2015-12-10 00:00"	0.000000	0.000000	0.000000	0.000000	0.000000	0.000000	0.000000	0.000000	0.000000	0.000000	0.000000	0.000000
"2015-12-11 00:00"	0.000000	0.000000	0.000000	0.000000	0.000000	0.000000	0.000000	-1.55e-06	-1.58e-06	-1.19e-06	-1.19e-06	-1.10e-06
"2015-12-12 00:00"	0.000000	0.000000	0.000000	0.000000	0.000000	0.000000	0.000000	0.000000	0.000000	0.000000	0.000000	0.000000
"2015-12-13 00:00"	0.000000	0.000000	0.000000	0.000000	0.000000	0.000000	0.000000	0.000000	0.000000	0.000000	0.000000	0.000000
"2015-12-14 00:00"	0.000000	0.000000	0.000000	0.000000	0.000000	0.000000	0.000000	0.000000	0.000000	0.000000	0.000000	0.000000
"2015-12-15 00:00"	0.000000	0.000000	0.000000	0.000000	0.000000	0.000000	0.000000	-3.02e-06	-3.00e-06	-2.26e-06	-2.26e-06	-2.10e-06
"2015-12-16 00:00"	0.000000	0.000000	0.000000	0.000000	0.000000	0.000000	0.000000	-1.17e-05	-1.17e-05	-8.76e-06	-8.76e-06	-8.13e-06
"2015-12-17 00:00"	0.000000	0.000000	0.000000	0.000000	0.000000	0.000000	0.000000	0.000000	0.000000	0.000000	0.000000	0.000000
"2015-12-18 00:00"	0.000000	0.000000	0.000000	0.000000	0.000000	0.000000	0.000000	0.000000	0.000000	0.000000	0.000000	0.000000
"2015-12-19 00:00"	0.000000	0.000000	0.000000	0.000000	0.000000	0.000000	0.000000	0.000000	0.000000	0.000000	0.000000	0.000000
"2015-12-20 00:00"	0.000000	0.000000	0.000000	0.000000	0.000000	0.000000	0.000000	0.000000	0.000000	0.000000	0.000000	0.000000
"2015-12-21 00:00"	0.000000	0.000000	0.000000	0.000000	0.000000	0.000000	0.000000	0.000000	0.000000	0.000000	0.000000	0.000000
"2015-12-22 00:00"	0.000000	0.000000	0.000000	0.000000	0.000000	0.000000	0.000000	0.000000	0.000000	0.000000	0.000000	0.000000
"2015-12-23 00:00"	0.000000	0.000000	0.000000	0.000000	0.000000	0.000000	0.000000	0.000000	0.000000	0.000000	0.000000	0.000000
"2015-12-24 00:00"	0.000000	0.000000	0.000000	0.000000	0.000000	0.000000	0.000000	-6.42e-07	-1.05e-06	-7.90e-07	-7.90e-07	-7.34e-07
"2015-12-25 00:00"	0.000000	0.000000	0.000000	0.000000	0.000000	0.000000	0.000000	0.000000	0.000000	0.000000	0.000000	0.000000
"2015-12-26 00:00"	0.000000	0.000000	0.000000	0.000000	0.000000	0.000000	0.000000	0.000000	0.000000	0.000000	0.000000	0.000000
"2015-12-27 00:00"	0.000000	0.000000	0.000000	0.000000	0.000000	0.000000	0.000000	-7.05e-07	-7.63e-07	-5.74e-07	-5.74e-07	-5.34e-07
"2015-12-28 00:00"	0.000000	0.000000	0.000000	0.000000	0.000000	0.000000	0.000000	0.000000	0.000000	0.000000	0.000000	0.000000
"2015-12-29 00:00"	0.000000	0.000000	0.000000	0.000000	0.000000	0.000000	0.000000	-1.15e-06	-1.01e-06	-7.60e-07	-7.59e-07	-7.05e-07
"2015-12-30 00:00"	0.000000	0.000000	0.000000	0.000000	0.000000	0.000000	0.000000	0.000000	0.000000	0.000000	0.000000	0.000000
"2015-12-31 00:00"	0.000000	0.000000	0.000000	0.000000	0.000000	0.000000	0.000000	-2.28e-06	-2.25e-06	-1.69e-06	-1.69e-06	-1.57e-06
"2016-01-01 00:00"	0.000000	0.000000	0.000000	0.000000	0.000000	0.000000	0.000000	-1.17e-06	-1.19e-06	-8.94e-07	-8.95e-07	-8.32e-07
"2016-01-02 00:00"	0.000000	0.000000	0.000000	0.000000	0.000000	0.000000	0.000000	0.000000	0.000000	0.000000	0.000000	0.000000
"2016-01-03 00:00"	0.000000	0.000000	0.000000	0.000000	0.000000	0.000000	0.000000	0.000000	0.000000	0.000000	0.000000	0.000000
"2016-01-04 00:00"	0.000000	0.000000	0.000000	0.000000	0.000000	0.000000	0.000000	0.000000	0.000000	0.000000	0.000000	0.000000
"2016-01-05 00:00"	0.000000	0.000000	0.000000	0.000000	0.000000	0.000000	0.000000	0.000000	0.000000	0.000000	0.000000	0.000000
"2016-01-06 00:00"	0.000000	0.000000	0.000000	0.000000	0.000000	0.000000	0.000000	0.000000	0.000000	0.000000	0.000000	0.000000
"2016-01-07 00:00"	0.000000	0.000000	0.000000	0.000000	0.000000	0.000000	0.000000	0.000000	0.000000	0.000000	0.000000	0.000000
"2016-01-08 00:00"	0.000000	0.000000	0.000000	0.000000	0.000000	0.000000	0.000000	-8.01e-07	-1.28e-06	-9.60e-07	-9.62e-07	-8.93e-07
"2016-01-09 00:00"	0.000000	0.000000	0.000000	0.000000	0.000000	0.000000	0.000000	0.000000	0.000000	0.000000	0.000000	0.000000
"2016-01-10 00:00"	0.000000	0.000000	0.000000	0.000000	0.000000	0.000000	0.000000	0.000000	0.000000	0.000000	0.000000	0.000000
"2016-01-11 00:00"	0.000000	0.000000	0.000000	0.000000	0.000000	0.000000	0.000000	0.000000	0.000000	0.000000	0.000000	0.000000
"2016-01-12 00:00"	0.000000	0.000000	0.000000	0.000000	0.000000	0.000000	0.000000	0.000000	0.000000	0.000000	0.000000	0.000000
"2016-01-13 00:00"	0.000000	0.000000	0.000000	0.000000	0.000000	0.000000	0.000000	0.000000	0.000000	0.000000	0.000000	0.000000
"2016-01-14 00:00"	0.000000	0.000000	0.000000	0.000000	0.000000	0.000000	0.000000	0.000000	0.000000	0.000000	0.000000	0.000000
"2016-01-15 00:00"	0.000000	0.000000	0.000000	0.000000	0.000000	0.000000	0.000000	-4.79e-06	-4.82e-06	-3.62e-06	-3.62e-06	-3.36e-06
"2016-01-16 00:00"	0.000000	0.000000	0.000000	0.000000	0.000000	0.000000	0.000000	0.000000	0.000000	0.000000	0.000000	0.000000
"2016-01-17 00:00"	0.000000	0.000000	0.000000	0.000000	0.000000	0.000000	0.000000	0.000000	0.000000	0.000000	0.000000	0.000000
"2016-01-18 00:00"	0.000000	0.000000	0.000000	0.000000	0.000000	0.000000	0.000000	-5.45e-07	-5.45e-07	-4.10e-07	-4.10e-07	-3.81e-07
"2016-01-19 00:00"	0.000000	0.000000	0.000000	0.000000	0.000000	0.000000	0.000000	0.000000	0.000000	0.000000	0.000000	0.000000
"2016-01-20 00:00"	0.000000	0.000000	0.000000	0.000000	0.000000	0.000000	0.000000	0.000000	0.000000	0.000000	0.000000	0.000000
"2016-01-21 00:00"	0.000000	0.000000	0.000000	0.000000	0.000000	0.000000	0.000000	-3.35e-06	-2.92e-06	-2.19e-06	-2.20e-06	-2.04e-06
"2016-01-22 00:00"	0.000000	0.000000	0.000000	0.000000	0.000000	0.000000	0.000000	-1.07e-05	-1.07e-05	-8.03e-06	-8.03e-06	-7.46e-06
"2016-01-23 00:00"	0.000000	0.000000	0.000000	0.000000	0.000000	0.000000	0.000000	0.000000	0.000000	0.000000	0.000000	0.000000
"2016-01-24 00:00"	0.000000	0.000000	0.000000	0.000000	0.000000	0.000000	0.000000	0.000000	0.000000	0.000000	0.000000	0.000000
"2016-01-25 00:00"	0.000000	0.000000	0.000000	0.000000	0.000000	0.000000	0.000000	0.000000	0.000000	0.000000	0.000000	0.000000
"2016-01-26 00:00"	0.000000	0.000000	0.000000	0.000000	0.000000	0.000000	0.000000	-2.12e-05	-2.13e-05	-1.60e-05	-1.60e-05	-1.49e-05
"2016-01-27 00:00"	0.000000	0.000000	0.000000	0.000000	0.000000	0.000000	0.000000	0.000000	0.000000	0.000000	0.000000	0.000000
"2016-01-28 00:00"	0.000000	0.000000	0.000000	0.000000	0.000000	0.000000	0.000000	0.000000	0.000000	0.000000	0.000000	0.000000
"2016-01-29 00:00"	0.000000	0.000000	0.000000	0.000000	0.000000	0.000000	0.000000	0.000000	0.000000	0.000000	0.000000	0.000000
"2016-01-30 00:00"	0.000000	0.000000	0.000000	0.000000	0.000000	0.000000	0.000000	-1.47e-06	-1.46e-06	-1.10e-06	-1.10e-06	-1.02e-06
"2016-01-31 00:00"	0.000000	0.000000	0.000000	0.000000	0.000000	0.000000	0.000000	0.000000	0.000000	0.000000	0.000000	0.000000
"2016-02-01 00:00"	0.000000	0.000000	0.000000	0.000000	0.000000	0.000000	0.000000	0.000000	0.000000	0.000000	0.000000	0.000000
"2016-02-02 00:00"	0.000000	0.000000	0.000000	0.000000	0.000000	0.000000	0.000000	0.000000	0.000000	0.000000	0.000000	0.000000
"2016-02-03 00:00"	0.000000	0.000000	0.000000	0.000000	0.000000	0.000000	0.000000	0.000000	0.000000	0.000000	0.000000	0.000000
"2016-02-04 00:00"	0.000000	0.000000	0.000000	0.000000	0.000000	0.000000	0.000000	0.000000	0.000000	0.000000	0.000000	0.000000
"2016-02-05 00:00"	0.000000	0.000000	0.000000	0.000000	0.000000	0.000000	0.000000	0.000000	0.000000	0.000000	0.000000	0.000000
"2016-02-06 00:00"	0.000000	0.000000	0.000000	0.000000	0.000000	0.000000	0.000000	0.000000	0.000000	0.000000	0.000000	0.000000
"2016-02-07 00:00"	0.000000	0.000000	0.000000	0.000000	0.000000	0.000000	0.000000	0.000000	0.000000	0.000000	0.000000	0.000000
"2016-02-08 00:00"	0.000000	0.000000	0.000000	0.000000	0.000000	0.000000	0.000000	0.000000	0.000000	0.000000	0.000000	0.000000
"2016-02-09 00:00"	0.000000	0.000000	0.000000	0.000000	0.000000	0.000000	0.000000	0.000000	0.000000	0.000000	0.000000	0.000000
"2016-02-10 00:00"	0.000000	0.000000	0.000000	0.000000	0.000000	0.000000	0.000000	-4.25e-06	-4.26e-06	-3.21e-06	-3.21e-06	-2.98e-06
"2016-02-11 00:00"	0.000000	0.000000	0.000000	0.000000	0.000000	0.000000	0.000000	-5.65e-07	-6.11e-07	-4.59e-07	-4.58e-07	-4.24e-07
"2016-02-12 00:00"	0.000000	0.000000	0.000000	0.000000	0.000000	0.000000	0.000000	-3.82e-06	-3.87e-06	-2.91e-06	-2.91e-06	-2.70e-06
"2016-02-13 00:00"	0.000000	0.000000	0.000000	0.000000	0.000000	0.000000	0.000000	0.000000	0.000000	0.000000	0.000000	0.000000
"2016-02-14 00:00"	0.000000	0.000000	0.000000	0.000000	0.000000	0.000000	0.000000	0.000000	0.000000	0.000000	0.000000	0.000000
"2016-02-15 00:00"	0.000000	0.000000	0.000000	0.000000	0.000000	0.000000	0.000000	0.000000	0.000000	0.000000	0.000000	0.000000
"2016-02-16 00:00"	0.000000	0.000000	0.000000	0.000000	0.000000	0.000000	0.000000	-7.52e-07	-7.36e-07	-5.54e-07	-5.54e-07	-5.14e-07
"2016-02-17 00:00"	0.000000	0.000000	0.000000	0.000000	0.000000	0.000000	0.000000	0.000000	0.000000	0.000000	0.000000	0.000000
"2016-02-18 00:00"	0.000000	0.000000	0.000000	0.000000	0.000000	0.000000	0.000000	-1.08e-06	-1.08e-06	-8.11e-07	-8.11e-07	-7.53e-07
"2016-02-19 00:00"	0.000000	0.000000	0.000000	0.000000	0.000000	0.000000	0.000000	0.000000	0.000000	0.000000	0.000000	0.000000
"2016-02-20 00:00"	0.000000	0.000000	0.000000	0.000000	0.000000	0.000000	0.000000	0.000000	0.000000	0.000000	0.000000	0.000000
"2016-02-21 00:00"	0.000000	0.000000	0.000000	0.000000	0.000000	0.000000	0.000000	0.000000	0.000000	0.000000	0.000000	0.000000
"2016-02-22 00:00"	0.000000	0.000000	0.000000	0.000000	0.000000	0.000000	0.000000	0.000000	0.000000	0.000000	0.000000	0.000000
"2016-02-23 00:00"	0.000000	0.000000	0.000000	0.000000	0.000000	0.000000	0.000000	0.000000	0.000000	0.000000	0.000000	0.000000
"2016-02-24 00:00"	0.000000	0.000000	0.000000	0.000000	0.000000	0.000000	0.000000	0.000000	0.000000	0.000000	0.000000	0.000000
"2016-02-25 00:00"	0.000000	0.000000	0.000000	0.000000	0.000000	0.000000	0.000000	0.000000	0.000000	0.000000	0.000000	0.000000
"2016-02-26 00:00"	0.000000	0.000000	0.000000	0.000000	0.000000	0.000000	0.000000	0.000000	0.000000	0.000000	0.000000	0.000000
"2016-02-27 00:00"	0.000000	0.000000	0.000000	0.000000	0.000000	0.000000	0.000000	0.000000	0.000000	0.000000	0.000000	0.000000
"2016-02-28 00:00"	0.000000	0.000000	0.000000	0.000000	0.000000	0.000000	0.000000	0.000000	0.000000	0.000000	0.000000	0.000000
"2016-02-29 00:00"	0.000000	0.000000	0.000000	0.000000	0.000000	0.000000	0.000000	0.000000	0.000000	0.000000	0.000000	0.000000
"2016-03-01 00:00"	0.000000	0.000000	0.000000	0.000000	0.000000	0.000000	0.000000	0.000000	0.000000	0.000000	0.000000	0.000000
"2016-03-02 00:00"	0.000000	0.000000	0.000000	0.000000	0.000000	0.000000	0.000000	0.000000	0.000000	0.000000	0.000000	0.000000
"2016-03-03 00:00"	0.000000	0.000000	0.000000	0.000000	0.000000	0.000000	0.000000	0.000000	0.000000	0.000000	0.000000	0.000000
"2016-03-04 00:00"	0.000000	0.000000	0.000000	0.000000	0.000000	0.000000	0.000000	-1.16e-06	-1.16e-06	-8.73e-07	-8.72e-07	-8.09e-07
"2016-03-05 00:00"	0.000000	0.000000	0.000000	0.000000	0.000000	0.000000	0.000000	-6.57e-07	-6.79e-07	-5.10e-07	-5.09e-07	-4.72e-07
"2016-03-06 00:00"	0.000000	0.000000	0.000000	0.000000	0.000000	0.000000	0.000000	-3.17e-06	-3.20e-06	-2.41e-06	-2.41e-06	-2.24e-06
"2016-03-07 00:00"	0.000000	0.000000	0.000000	0.000000	0.000000	0.000000	0.000000	0.000000	0.000000	0.000000	0.000000	0.000000
"2016-03-08 00:00"	0.000000	0.000000	0.000000	0.000000	0.000000	0.000000	0.000000	-1.33e-06	-1.34e-06	-1.00e-06	-1.00e-06	-9.32e-07
"2016-03-09 00:00"	0.000000	0.000000	0.000000	0.000000	0.000000	0.000000	0.000000	0.000000	0.000000	0.000000	0.000000	0.000000
"2016-03-10 00:00"	0.000000	0.000000	0.000000	0.000000	0.000000	0.000000	0.000000	0.000000	0.000000	0.000000	0.000000	0.000000
"2016-03-11 00:00"	0.000000	0.000000	0.000000	0.000000	0.000000	0.000000	0.000000	-5.36e-05	-1.67e-05	-1.26e-05	-1.11e-05	-1.03e-05
"2016-03-12 00:00"	0.000000	0.000000	0.000000	0.000000	0.000000	0.000000	0.000000	0.000000	0.000000	0.000000	0.000000	0.000000
"2016-03-13 00:00"	0.000000	0.000000	0.000000	0.000000	0.000000	0.000000	0.000000	0.000000	0.000000	0.000000	0.000000	0.000000
"2016-03-14 00:00"	0.000000	0.000000	0.000000	0.000000	0.000000	0.000000	0.000000	0.000000	0.000000	0.000000	0.000000	0.000000
"2016-03-15 00:00"	0.000000	0.000000	0.000000	0.000000	0.000000	0.000000	0.000000	0.000000	0.000000	0.000000	0.000000	0.000000
"2016-03-16 00:00"	0.000000	0.000000	0.000000	0.000000	0.000000	0.000000	0.000000	0.000000	0.000000	0.000000	0.000000	0.000000
"2016-03-17 00:00"	0.000000	0.000000	0.000000	0.000000	0.000000	0.000000	0.000000	0.000000	0.000000	0.000000	0.000000	0.000000
"2016-03-18 00:00"	0.000000	0.000000	0.000000	0.000000	0.000000	0.000000	0.000000	-7.45e-06	-7.36e-06	-5.53e-06	-5.53e-06	-5.14e-06
"2016-03-19 00:00"	0.000000	0.000000	0.000000	0.000000	0.000000	0.000000	0.000000	0.000000	0.000000	0.000000	0.000000	0.000000
"2016-03-20 00:00"	0.000000	0.000000	0.000000	0.000000	0.000000	0.000000	0.000000	-2.39e-06	-2.70e-06	-2.03e-06	-2.03e-06	-1.88e-06
"2016-03-21 00:00"	0.000000	0.000000	0.000000	0.000000	0.000000	0.000000	0.000000	-1.21e-06	-1.36e-06	-1.02e-06	-1.02e-06	-9.50e-07
"2016-03-22 00:00"	0.000000	0.000000	0.000000	0.000000	0.000000	0.000000	0.000000	0.000000	0.000000	0.000000	0.000000	0.000000
"2016-03-23 00:00"	0.000000	0.000000	0.000000	0.000000	0.000000	0.000000	0.000000	0.000000	0.000000	0.000000	0.000000	0.000000
"2016-03-24 00:00"	0.000000	0.000000	0.000000	0.000000	0.000000	0.000000	0.000000	0.000000	0.000000	0.000000	0.000000	0.000000
"2016-03-25 00:00"	0.000000	0.000000	0.000000	0.000000	0.000000	0.000000	0.000000	0.000000	0.000000	0.000000	0.000000	0.000000
"2016-03-26 00:00"	0.000000	0.000000	0.000000	0.000000	0.000000	0.000000	0.000000	0.000000	0.000000	0.000000	0.000000	0.000000
"2016-03-27 00:00"	0.000000	0.000000	0.000000	0.000000	0.000000	0.000000	0.000000	0.000000	0.000000	0.000000	0.000000	0.000000
"2016-03-28 00:00"	0.000000	0.000000	0.000000	0.000000	0.000000	0.000000	0.000000	-2.06e-06	-2.07e-06	-1.56e-06	-1.56e-06	-1.45e-06
"2016-03-29 00:00"	0.000000	0.000000	0.000000	0.000000	0.000000	0.000000	0.000000	-2.52e-06	-2.62e-06	-1.97e-06	-1.97e-06	-1.83e-06
"2016-03-30 00:00"	0.000000	0.000000	0.000000	0.000000	0.000000	0.000000	0.000000	0.000000	0.000000	0.000000	0.000000	0.000000
"2016-03-31 00:00"	0.000000	0.000000	0.000000	0.000000	0.000000	0.000000	0.000000	0.000000	0.000000	0.000000	0.000000	0.000000
"2016-04-01 00:00"	0.000000	0.000000	0.000000	0.000000	0.000000	0.000000	0.000000	0.000000	0.000000	0.000000	0.000000	0.000000
"2016-04-02 00:00"	0.000000	0.000000	0.000000	0.000000	0.000000	0.000000	0.000000	0.000000	0.000000	0.000000	0.000000	0.000000
"2016-04-03 00:00"	0.000000	0.000000	0.000000	0.000000	0.000000	0.000000	0.000000	-6.63e-06	-7.13e-06	-5.37e-06	-5.37e-06	-4.99e-06
"2016-04-04 00:00"	0.000000	0.000000	0.000000	0.000000	0.000000	0.000000	0.000000	-9.34e-07	-9.37e-07	-7.05e-07	-7.05e-07	-6.54e-07
"2016-04-05 00:00"	0.000000	0.000000	0.000000	0.000000	0.000000	0.000000	0.000000	-7.81e-07	-1.19e-06	-8.92e-07	-8.91e-07	-8.27e-07
"2016-04-06 00:00"	0.000000	0.000000	0.000000	0.000000	0.000000	0.000000	0.000000	-0.003049	0.000000	0.000000	0.000000	0.000000
"2016-04-07 00:00"	0.000000	0.000000	0.000000	0.000000	0.000000	0.000000	0.000000	-1.40e-04	0.000000	0.000000	0.000000	0.000000
"2016-04-08 00:00"	0.000000	0.000000	0.000000	0.000000	0.000000	0.000000	0.000000	-2.86e-04	-1.14e-06	-8.54e-07	-8.56e-07	-7.94e-07
"2016-04-09 00:00"	0.000000	0.000000	0.000000	0.000000	0.000000	0.000000	0.000000	0.000000	0.000000	0.000000	0.000000	0.000000
"2016-04-10 00:00"	0.000000	0.000000	0.000000	0.000000	0.000000	0.000000	0.000000	0.000000	0.000000	0.000000	0.000000	0.000000
"2016-04-11 00:00"	0.000000	0.000000	0.000000	0.000000	0.000000	0.000000	0.000000	0.000000	0.000000	0.000000	0.000000	0.000000
"2016-04-12 00:00"	0.000000	0.000000	0.000000	0.000000	0.000000	0.000000	0.000000	-9.27e-06	0.000000	0.000000	0.000000	0.000000
"2016-04-13 00:00"	0.000000	0.000000	0.000000	0.000000	0.000000	0.000000	0.000000	-0.001447	0.000000	0.000000	0.000000	0.000000
"2016-04-14 00:00"	0.000000	0.000000	0.000000	0.000000	0.000000	0.000000	0.000000	-2.57e-04	0.000000	0.000000	0.000000	0.000000
"2016-04-15 00:00"	0.000000	0.000000	0.000000	0.000000	0.000000	0.000000	0.000000	-5.91e-05	-1.56e-06	-1.17e-06	-1.17e-06	-1.09e-06
"2016-04-16 00:00"	0.000000	0.000000	0.000000	0.000000	0.000000	0.000000	0.000000	-1.71e-04	0.000000	0.000000	0.000000	0.000000
"2016-04-17 00:00"	0.000000	0.000000	0.000000	0.000000	0.000000	0.000000	0.000000	0.000000	0.000000	0.000000	0.000000	0.000000
"2016-04-18 00:00"	0.000000	0.000000	0.000000	0.000000	0.000000	0.000000	0.000000	0.000000	0.000000	0.000000	0.000000	0.000000
"2016-04-19 00:00"	0.000000	0.000000	0.000000	0.000000	0.000000	0.000000	0.000000	-2.80e-06	-2.81e-06	-2.11e-06	-2.11e-06	-1.96e-06
"2016-04-20 00:00"	0.000000	0.000000	0.000000	0.000000	0.000000	0.000000	0.000000	-8.23e-07	-6.76e-07	-5.09e-07	-5.07e-07	-4.71e-07
"2016-04-21 00:00"	0.000000	0.000000	0.000000	0.000000	0.000000	0.000000	0.000000	0.000000	0.000000	0.000000	0.000000	0.000000
"2016-04-22 00:00"	0.000000	0.000000	0.000000	0.000000	0.000000	0.000000	0.000000	0.000000	0.000000	0.000000	0.000000	0.000000
"2016-04-23 00:00"	0.000000	0.000000	0.000000	0.000000	0.000000	0.000000	0.000000	-8.60e-07	-1.48e-06	-1.11e-06	-1.11e-06	-1.03e-06
"2016-04-24 00:00"	0.000000	0.000000	0.000000	0.000000	0.000000	0.000000	0.000000	-2.34e-06	-2.35e-06	-1.11e-05	-1.42e-05	-1.18e-05
"2016-04-25 00:00"	0.000000	0.000000	0.000000	0.000000	0.000000	0.000000	0.000000	0.000000	0.000000	0.000000	0.000000	0.000000
"2016-04-26 00:00"	0.000000	0.000000	0.000000	0.000000	0.000000	0.000000	0.000000	0.000000	0.000000	0.000000	0.000000	0.000000
"2016-04-27 00:00"	0.000000	0.000000	0.000000	0.000000	0.000000	0.000000	0.000000	0.000000	0.000000	0.000000	0.000000	0.000000
"2016-04-28 00:00"	0.000000	0.000000	0.000000	0.000000	0.000000	0.000000	0.000000	0.000000	0.000000	0.000000	0.000000	0.000000
"2016-04-29 00:00"	0.000000	0.000000	0.000000	0.000000	0.000000	0.000000	0.000000	-1.09e-05	-1.10e-05	-8.28e-06	-8.28e-06	-7.69e-06
"2016-04-30 00:00"	0.000000	0.000000	0.000000	0.000000	0.000000	0.000000	0.000000	0.000000	0.000000	0.000000	0.000000	0.000000
"2016-05-01 00:00"	0.000000	0.000000	0.000000	0.000000	0.000000	0.000000	0.000000	0.000000	0.000000	0.000000	0.000000	0.000000
"2016-05-02 00:00"	0.000000	0.000000	0.000000	0.000000	0.000000	0.000000	0.000000	0.000000	0.000000	0.000000	0.000000	0.000000
"2016-05-03 00:00"	0.000000	0.000000	0.000000	0.000000	0.000000	0.000000	0.000000	-1.27e-06	-1.19e-06	-8.94e-07	-8.75e-07	-8.09e-07
"2016-05-04 00:00"	0.000000	0.000000	0.000000	0.000000	0.000000	0.000000	0.000000	-2.03e-06	-2.02e-06	-1.52e-06	-1.52e-06	-1.41e-06
"2016-05-05 00:00"	0.000000	0.000000	0.000000	0.000000	0.000000	0.000000	0.000000	0.000000	0.000000	0.000000	0.000000	0.000000
"2016-05-06 00:00"	0.000000	0.000000	0.000000	0.000000	0.000000	0.000000	0.000000	0.000000	0.000000	0.000000	0.000000	0.000000
"2016-05-07 00:00"	0.000000	0.000000	0.000000	0.000000	0.000000	0.000000	0.000000	0.000000	0.000000	0.000000	0.000000	0.000000
"2016-05-08 00:00"	0.000000	0.000000	0.000000	0.000000	0.000000	0.000000	0.000000	0.000000	0.000000	0.000000	0.000000	0.000000
"2016-05-09 00:00"	0.000000	0.000000	0.000000	0.000000	0.000000	0.000000	0.000000	0.000000	0.000000	0.000000	0.000000	0.000000
"2016-05-10 00:00"	0.000000	0.000000	0.000000	0.000000	0.000000	0.000000	0.000000	0.000000	0.000000	0.000000	0.000000	0.000000
"2016-05-11 00:00"	0.000000	0.000000	0.000000	0.000000	0.000000	0.000000	0.000000	0.000000	0.000000	0.000000	0.000000	0.000000
"2016-05-12 00:00"	0.000000	0.000000	0.000000	0.000000	0.000000	0.000000	0.000000	0.000000	0.000000	0.000000	0.000000	0.000000
"2016-05-13 00:00"	0.000000	0.000000	0.000000	0.000000	0.000000	0.000000	0.000000	0.000000	0.000000	0.000000	0.000000	0.000000
"2016-05-14 00:00"	0.000000	0.000000	0.000000	0.000000	0.000000	0.000000	0.000000	0.000000	0.000000	0.000000	0.000000	0.000000
"2016-05-15 00:00"	0.000000	0.000000	0.000000	0.000000	0.000000	0.000000	0.000000	0.000000	0.000000	0.000000	0.000000	0.000000
"2016-05-16 00:00"	0.000000	0.000000	0.000000	0.000000	0.000000	0.000000	0.000000	0.000000	0.000000	0.000000	0.000000	0.000000
"2016-05-17 00:00"	0.000000	0.000000	0.000000	0.000000	0.000000	0.000000	0.000000	-6.71e-07	-5.25e-07	-3.95e-07	-3.93e-07	-3.64e-07
"2016-05-18 00:00"	0.000000	0.000000	0.000000	0.000000	0.000000	0.000000	0.000000	-9.09e-07	-9.26e-07	-6.97e-07	-6.98e-07	-6.49e-07
"2016-05-19 00:00"	0.000000	0.000000	0.000000	0.000000	0.000000	0.000000	0.000000	0.000000	0.000000	0.000000	0.000000	0.000000
"2016-05-20 00:00"	0.000000	0.000000	0.000000	0.000000	0.000000	0.000000	0.000000	0.000000	0.000000	0.000000	0.000000	0.000000
"2016-05-21 00:00"	0.000000	0.000000	0.000000	0.000000	0.000000	0.000000	0.000000	-7.91e-07	-7.65e-07	-5.76e-07	-5.71e-07	-5.29e-07
"2016-05-22 00:00"	0.000000	0.000000	0.000000	0.000000	0.000000	0.000000	0.000000	0.000000	0.000000	0.000000	0.000000	0.000000
"2016-05-23 00:00"	0.000000	0.000000	0.000000	0.000000	0.000000	0.000000	0.000000	0.000000	-5.24e-07	-3.94e-07	-3.91e-07	-3.62e-07
"2016-05-24 00:00"	0.000000	0.000000	0.000000	0.000000	0.000000	0.000000	0.000000	0.000000	0.000000	0.000000	0.000000	0.000000
"2016-05-25 00:00"	0.000000	0.000000	0.000000	0.000000	0.000000	0.000000	0.000000	0.000000	0.000000	0.000000	0.000000	0.000000
"2016-05-26 00:00"	0.000000	0.000000	0.000000	0.000000	0.000000	0.000000	0.000000	0.000000	0.000000	0.000000	0.000000	0.000000
"2016-05-27 00:00"	0.000000	0.000000	0.000000	0.000000	0.000000	0.000000	0.000000	0.000000	0.000000	0.000000	0.000000	0.000000
"2016-05-28 00:00"	0.000000	0.000000	0.000000	0.000000	0.000000	0.000000	0.000000	0.000000	0.000000	0.000000	0.000000	0.000000
"2016-05-29 00:00"	0.000000	0.000000	0.000000	0.000000	0.000000	0.000000	0.000000	0.000000	0.000000	0.000000	0.000000	0.000000
"2016-05-30 00:00"	0.000000	0.000000	0.000000	0.000000	0.000000	0.000000	0.000000	-1.43e-06	-1.43e-06	-1.07e-06	-1.07e-06	-9.96e-07
"2016-05-31 00:00"	0.000000	0.000000	0.000000	0.000000	0.000000	0.000000	0.000000	0.000000	0.000000	0.000000	0.000000	0.000000
"2016-06-01 00:00"	0.000000	0.000000	0.000000	0.000000	0.000000	0.000000	0.000000	0.000000	0.000000	0.000000	0.000000	0.000000
"2016-06-02 00:00"	0.000000	0.000000	0.000000	0.000000	0.000000	0.000000	0.000000	0.000000	0.000000	0.000000	0.000000	0.000000
"2016-06-03 00:00"	0.000000	0.000000	0.000000	0.000000	0.000000	0.000000	0.000000	-1.73e-06	-1.61e-06	-1.21e-06	-1.21e-06	-1.12e-06
"2016-06-04 00:00"	0.000000	0.000000	0.000000	0.000000	0.000000	0.000000	0.000000	0.000000	0.000000	0.000000	0.000000	0.000000
"2016-06-05 00:00"	0.000000	0.000000	0.000000	0.000000	0.000000	0.000000	0.000000	0.000000	0.000000	0.000000	0.000000	0.000000
"2016-06-06 00:00"	0.000000	0.000000	0.000000	0.000000	0.000000	0.000000	0.000000	0.000000	0.000000	0.000000	0.000000	0.000000
"2016-06-07 00:00"	0.000000	0.000000	0.000000	0.000000	0.000000	0.000000	0.000000	-3.79e-06	-3.86e-06	-2.90e-06	-2.91e-06	-2.70e-06
"2016-06-08 00:00"	0.000000	0.000000	0.000000	0.000000	0.000000	0.000000	0.000000	0.000000	0.000000	0.000000	0.000000	0.000000
"2016-06-09 00:00"	0.000000	0.000000	0.000000	0.000000	0.000000	0.000000	0.000000	-8.46e-07	-6.36e-07	-4.77e-07	-4.73e-07	-4.38e-07
"2016-06-10 00:00"	0.000000	0.000000	0.000000	0.000000	0.000000	0.000000	0.000000	0.000000	0.000000	0.000000	0.000000	0.000000
"2016-06-11 00:00"	0.000000	0.000000	0.000000	0.000000	0.000000	0.000000	0.000000	-4.62e-06	-4.66e-06	-3.50e-06	-3.50e-06	-3.25e-06
"2016-06-12 00:00"	0.000000	0.000000	0.000000	0.000000	0.000000	0.000000	0.000000	-5.70e-07	-5.71e-07	-4.29e-07	-4.29e-07	-3.98e-07
"2016-06-13 00:00"	0.000000	0.000000	0.000000	0.000000	0.000000	0.000000	0.000000	0.000000	0.000000	0.000000	0.000000	0.000000
"2016-06-14 00:00"	0.000000	0.000000	0.000000	0.000000	0.000000	0.000000	0.000000	0.000000	0.000000	0.000000	0.000000	0.000000
"2016-06-15 00:00"	0.000000	0.000000	0.000000	0.000000	0.000000	0.000000	0.000000	-6.10e-06	-6.14e-06	-4.62e-06	-4.97e-06	-4.62e-06
