"2015-06-16 00:00"	0.000000	0.000000	-0.002423	-0.006190	-0.006313	-0.005889	-0.005499	-0.007269	-0.016008	-0.025984	-0.039048	-0.046899
"2015-06-17 00:00"	0.000000	0.000000	-0.002520	-0.006952	-0.006796	-0.007116	-0.007056	-0.011204	-0.026262	-0.044470	-0.065506	-0.077503
"2015-06-18 00:00"	0.000000	0.000000	-0.002168	-0.005703	-0.005781	-0.005817	-0.005835	-0.009790	-0.024550	-0.042749	-0.064287	-0.081860
"2015-06-19 00:00"	0.000000	0.000000	-0.001709	-0.004290	-0.004344	-0.004312	-0.004295	-0.006331	-0.016037	-0.027762	-0.043330	-0.063910
"2015-06-20 00:00"	0.000000	0.000000	-0.001592	-0.004446	-0.004499	-0.004516	-0.004509	-0.006421	-0.016528	-0.028828	-0.046382	-0.067112
"2015-06-21 00:00"	0.000000	0.000000	-0.001601	-0.004151	-0.004198	-0.004167	-0.004154	-0.005923	-0.017422	-0.031399	-0.058605	-0.080306
"2015-06-22 00:00"	0.000000	0.000000	-0.002049	-0.005603	-0.005646	-0.005620	-0.005604	-0.007242	-0.016888	-0.036897	-0.064532	-0.085571
"2015-06-23 00:00"	0.000000	0.000000	-0.002608	-0.007455	-0.007464	-0.007399	-0.007352	-0.008847	-0.017463	-0.035044	-0.059248	-0.079386
"2015-06-24 00:00"	0.000000	0.000000	-0.001514	-0.003731	-0.003800	-0.003819	-0.003832	-0.005276	-0.014261	-0.031719	-0.055238	-0.075335
"2015-06-25 00:00"	0.000000	0.000000	-0.001397	-0.003921	-0.003968	-0.003940	-0.003923	-0.005235	-0.015963	-0.034906	-0.059960	-0.080795
"2015-06-26 00:00"	0.000000	0.000000	-0.002106	-0.006093	-0.006427	-0.006405	-0.006389	-0.007612	-0.023861	-0.046323	-0.075017	-0.097331
"2015-06-27 00:00"	0.000000	0.000000	-0.001979	-0.005743	-0.005982	-0.006012	-0.005957	-0.007076	-0.018204	-0.035869	-0.058425	-0.078066
"2015-06-28 00:00"	0.000000	0.000000	-0.002374	-0.007000	-0.007634	-0.007620	-0.007617	-0.008725	-0.017779	-0.033188	-0.052771	-0.071001
"2015-06-29 00:00"	0.000000	0.000000	-0.002441	-0.007059	-0.007637	-0.007538	-0.007475	-0.008466	-0.018748	-0.035799	-0.057208	-0.075966
"2015-06-30 00:00"	0.000000	0.000000	-0.002401	-0.007054	-0.007640	-0.007606	-0.007599	-0.008592	-0.017819	-0.033525	-0.053137	-0.071105
"2015-07-01 00:00"	0.000000	0.000000	-0.003033	-0.009189	-0.010194	-0.010159	-0.010109	-0.011026	-0.019567	-0.034175	-0.052290	-0.069611
"2015-07-02 00:00"	0.000000	0.000000	-0.002767	-0.008210	-0.009014	-0.008933	-0.008898	-0.009793	-0.018104	-0.032398	-0.050370	-0.067340
"2015-07-03 00:00"	0.000000	0.000000	-0.002893	-0.008621	-0.009507	-0.009450	-0.009414	-0.010261	-0.018448	-0.032895	-0.050710	-0.067545
"2015-07-04 00:00"	0.000000	0.000000	-0.003255	-0.009954	-0.011086	-0.011072	-0.010998	-0.011796	-0.019673	-0.033200	-0.050098	-0.066610
"2015-07-05 00:00"	0.000000	0.000000	-0.001518	-0.003775	-0.003890	-0.003909	-0.003939	-0.004777	-0.013033	-0.027768	-0.045424	-0.061140
"2015-07-06 00:00"	0.000000	0.000000	-0.002015	-0.005812	-0.005873	-0.005843	-0.005826	-0.006589	-0.016847	-0.034165	-0.054311	-0.065210
"2015-07-07 00:00"	0.000000	0.000000	-0.001963	-0.005443	-0.005489	-0.005461	-0.005444	-0.006179	-0.013511	-0.027024	-0.042959	-0.051277
"2015-07-08 00:00"	0.000000	0.000000	-0.002220	-0.006166	-0.006412	-0.006348	-0.006304	-0.006985	-0.014463	-0.028395	-0.044756	-0.052749
"2015-07-09 00:00"	0.000000	0.000000	-0.001803	-0.004957	-0.005117	-0.005119	-0.005121	-0.005825	-0.013185	-0.026669	-0.042846	-0.050283
"2015-07-10 00:00"	0.000000	0.000000	-0.002599	-0.007519	-0.008115	-0.008022	-0.007954	-0.008570	-0.015336	-0.027790	-0.043211	-0.049832
"2015-07-11 00:00"	0.000000	0.000000	-0.002161	-0.005876	-0.006205	-0.006214	-0.006225	-0.006883	-0.017605	-0.035178	-0.056487	-0.065456
"2015-07-12 00:00"	0.000000	0.000000	-0.001873	-0.005102	-0.005053	-0.005221	-0.005184	-0.005789	-0.012942	-0.025997	-0.042379	-0.048680
"2015-07-13 00:00"	0.000000	0.000000	-0.001466	-0.003596	-0.003652	-0.003632	-0.003620	-0.004210	-0.010468	-0.024007	-0.040858	-0.047180
"2015-07-14 00:00"	0.000000	0.000000	-0.002862	-0.008590	-0.008962	-0.009166	-0.009060	-0.009598	-0.015517	-0.026705	-0.041783	-0.046792
"2015-07-15 00:00"	0.000000	0.000000	-0.002871	-0.008327	-0.009136	-0.009160	-0.009129	-0.009681	-0.015243	-0.026412	-0.040868	-0.045681
"2015-07-16 00:00"	0.000000	0.000000	-0.002087	-0.005729	-0.005961	-0.005924	-0.005904	-0.006438	-0.011605	-0.022957	-0.037159	-0.041902
"2015-07-17 00:00"	0.000000	0.000000	-0.001695	-0.004446	-0.004520	-0.004524	-0.004520	-0.005050	-0.009895	-0.023701	-0.039045	-0.044861
"2015-07-18 00:00"	0.000000	0.000000	-0.002594	-0.007633	-0.007994	-0.008200	-0.008132	-0.008627	-0.013227	-0.023505	-0.036739	-0.040934
"2015-07-19 00:00"	0.000000	0.000000	-0.001639	-0.004232	-0.004292	-0.004272	-0.004259	-0.004746	-0.009096	-0.022195	-0.036747	-0.041781
"2015-07-20 00:00"	0.000000	0.000000	-0.001945	-0.005262	-0.005282	-0.005229	-0.005197	-0.005650	-0.009822	-0.020349	-0.033173	-0.037013
"2015-07-21 00:00"	0.000000	0.000000	-0.003536	-0.010736	-0.011856	-0.011849	-0.011764	-0.012178	-0.016166	-0.027239	-0.040494	-0.044823
"2015-07-22 00:00"	0.000000	0.000000	-0.001949	-0.005194	-0.005349	-0.005335	-0.005332	-0.005800	-0.009711	-0.019836	-0.032298	-0.035621
"2015-07-23 00:00"	0.000000	0.000000	-0.001786	-0.004631	-0.004692	-0.004678	-0.004676	-0.005116	-0.008797	-0.022093	-0.036472	-0.041264
"2015-07-24 00:00"	0.000000	0.000000	-0.002052	-0.005570	-0.005619	-0.005583	-0.005560	-0.005969	-0.009574	-0.020373	-0.033009	-0.036603
"2015-07-25 00:00"	0.000000	0.000000	-0.001976	-0.005283	-0.005465	-0.005427	-0.005406	-0.005811	-0.011164	-0.025379	-0.040252	-0.046004
"2015-07-26 00:00"	0.000000	0.000000	-0.001930	-0.005163	-0.005169	-0.005250	-0.005218	-0.005615	-0.009200	-0.018854	-0.030882	-0.034148
"2015-07-27 00:00"	0.000000	0.000000	-0.002785	-0.007881	-0.008478	-0.008521	-0.008428	-0.008759	-0.012264	-0.021483	-0.033332	-0.036562
"2015-07-28 00:00"	0.000000	0.000000	-0.001567	-0.003951	-0.004119	-0.004135	-0.004159	-0.004582	-0.008088	-0.018019	-0.030081	-0.033275
"2015-07-29 00:00"	0.000000	0.000000	-0.001369	-0.003261	-0.003311	-0.003291	-0.003278	-0.003653	-0.007018	-0.017017	-0.028950	-0.032089
"2015-07-30 00:00"	0.000000	0.000000	-0.001294	-0.003082	-0.003127	-0.003109	-0.003096	-0.003464	-0.006743	-0.016644	-0.028233	-0.031417
"2015-07-31 00:00"	0.000000	0.000000	-0.001232	-0.003136	-0.003172	-0.003146	-0.003127	-0.003479	-0.006665	-0.016444	-0.027636	-0.030840
"2015-08-01 00:00"	0.000000	0.000000	-0.001602	-0.004116	-0.004152	-0.004135	-0.004125	-0.004483	-0.007603	-0.017296	-0.028131	-0.031374
"2015-08-02 00:00"	0.000000	0.000000	-0.001671	-0.004552	-0.004577	-0.004548	-0.004528	-0.004865	-0.007890	-0.017509	-0.028004	-0.031260
"2015-08-03 00:00"	0.000000	0.000000	-0.001270	-0.003629	-0.003659	-0.003639	-0.003627	-0.003966	-0.006921	-0.016415	-0.026630	-0.029869
"2015-08-04 00:00"	0.000000	0.000000	-0.001312	-0.003993	-0.004015	-0.003989	-0.003973	-0.004301	-0.007173	-0.016501	-0.026456	-0.029683
"2015-08-05 00:00"	0.000000	0.000000	-0.001402	-0.004251	-0.004270	-0.004239	-0.004222	-0.004543	-0.007346	-0.016564	-0.026244	-0.029453
"2015-08-06 00:00"	0.000000	0.000000	-0.001208	-0.003015	-0.003044	-0.003024	-0.003011	-0.003327	-0.006045	-0.015078	-0.024586	-0.027761
"2015-08-07 00:00"	0.000000	0.000000	-0.001090	-0.003094	-0.003155	-0.003181	-0.003166	-0.003473	-0.006129	-0.015071	-0.024307	-0.027488
"2015-08-08 00:00"	0.000000	0.000000	-0.001584	-0.004883	-0.005317	-0.005243	-0.005205	-0.005482	-0.008040	-0.016700	-0.025759	-0.028922
"2015-08-09 00:00"	0.000000	0.000000	-0.001802	-0.004685	-0.005165	-0.005111	-0.005089	-0.005372	-0.007874	-0.016474	-0.025352	-0.028508
"2015-08-10 00:00"	0.000000	0.000000	-0.002096	-0.005574	-0.006178	-0.006124	-0.006093	-0.006366	-0.008796	-0.017295	-0.026014	-0.029174
"2015-08-11 00:00"	0.000000	0.000000	-0.002161	-0.005915	-0.006531	-0.006456	-0.006419	-0.006686	-0.009053	-0.017351	-0.025896	-0.029025
"2015-08-12 00:00"	0.000000	0.000000	-0.001171	-0.002930	-0.003005	-0.003030	-0.003033	-0.003324	-0.005650	-0.013862	-0.022278	-0.025405
"2015-08-13 00:00"	0.000000	0.000000	-0.001154	-0.002818	-0.002864	-0.002849	-0.002840	-0.003108	-0.005346	-0.013435	-0.021675	-0.024780
"2015-08-14 00:00"	0.000000	0.000000	-0.001741	-0.004129	-0.004154	-0.004138	-0.004120	-0.004372	-0.006539	-0.014576	-0.022640	-0.025830
"2015-08-15 00:00"	0.000000	0.000000	-0.001170	-0.002725	-0.002766	-0.002748	-0.002737	-0.002992	-0.005107	-0.013027	-0.020962	-0.024063
"2015-08-16 00:00"	0.000000	0.000000	-0.001616	-0.003664	-0.003688	-0.003653	-0.003633	-0.003872	-0.005918	-0.013715	-0.021487	-0.024594
"2015-08-17 00:00"	0.000000	0.000000	-0.001176	-0.002700	-0.002742	-0.002730	-0.002724	-0.002974	-0.004982	-0.012691	-0.020352	-0.023405
"2015-08-18 00:00"	0.000000	0.000000	-0.001206	-0.002669	-0.002705	-0.002687	-0.002675	-0.002913	-0.004858	-0.012432	-0.019969	-0.022909
"2015-08-19 00:00"	0.000000	0.000000	-0.002523	-0.006191	-0.006202	-0.006404	-0.006334	-0.006537	-0.008402	-0.015791	-0.023141	-0.025907
"2015-08-20 00:00"	0.000000	0.000000	-0.001645	-0.003736	-0.003947	-0.003935	-0.003936	-0.004186	-0.006067	-0.013438	-0.020687	-0.023305
"2015-08-21 00:00"	0.000000	0.000000	-0.001867	-0.004438	-0.004722	-0.004660	-0.004622	-0.004824	-0.006603	-0.013894	-0.021002	-0.023423
"2015-08-22 00:00"	0.000000	0.000000	-0.001771	-0.004192	-0.004411	-0.004382	-0.004383	-0.004628	-0.006425	-0.013641	-0.020646	-0.022952
"2015-08-23 00:00"	0.000000	0.000000	-0.002517	-0.006661	-0.007349	-0.007276	-0.007223	-0.007427	-0.009141	-0.016243	-0.023098	-0.025254
"2015-08-24 00:00"	0.000000	0.000000	-0.001821	-0.004404	-0.004517	-0.004469	-0.004452	-0.004674	-0.006372	-0.013438	-0.020186	-0.022228
"2015-08-25 00:00"	0.000000	0.000000	-0.001261	-0.002729	-0.002784	-0.002777	-0.002775	-0.003005	-0.004673	-0.011761	-0.018393	-0.020337
"2015-08-26 00:00"	0.000000	0.000000	-0.001230	-0.002647	-0.002692	-0.002674	-0.002663	-0.002879	-0.004498	-0.011502	-0.018027	-0.019862
"2015-08-27 00:00"	0.000000	0.000000	-0.001525	-0.003092	-0.003122	-0.003093	-0.003077	-0.003286	-0.004865	-0.011864	-0.018264	-0.020006
"2015-08-28 00:00"	0.000000	0.000000	-0.001854	-0.004302	-0.004333	-0.004303	-0.004291	-0.004505	-0.006067	-0.013062	-0.019365	-0.021033
"2015-08-29 00:00"	0.000000	0.000000	-0.001510	-0.003077	-0.003109	-0.003084	-0.003069	-0.003277	-0.004799	-0.011793	-0.017970	-0.019580
"2015-08-30 00:00"	0.000000	0.000000	-0.001492	-0.002953	-0.002984	-0.002962	-0.002949	-0.003159	-0.004659	-0.011633	-0.017710	-0.019240
"2015-08-31 00:00"	0.000000	0.000000	-0.001615	-0.003319	-0.003339	-0.003307	-0.003288	-0.003491	-0.004961	-0.011921	-0.017882	-0.019349
"2015-09-01 00:00"	0.000000	0.000000	-0.001530	-0.003023	-0.003058	-0.003046	-0.003040	-0.003255	-0.004719	-0.011814	-0.017664	-0.019085
"2015-09-02 00:00"	0.000000	0.000000	-0.001755	-0.003626	-0.003574	-0.003781	-0.003756	-0.003961	-0.005398	-0.014403	-0.020166	-0.021513
"2015-09-03 00:00"	0.000000	0.000000	-0.002557	-0.006332	-0.006917	-0.006825	-0.006777	-0.006954	-0.008368	-0.015737	-0.021373	-0.022682
"2015-09-04 00:00"	0.000000	0.000000	-0.001875	-0.004214	-0.004601	-0.004609	-0.004599	-0.004833	-0.006318	-0.013403	-0.018975	-0.020280
"2015-09-05 00:00"	0.000000	0.000000	-0.001470	-0.002828	-0.002867	-0.002850	-0.002838	-0.003051	-0.004516	-0.012135	-0.017615	-0.018875
"2015-09-06 00:00"	0.000000	0.000000	-0.001817	-0.003787	-0.003822	-0.003914	-0.003856	-0.004029	-0.005451	-0.012370	-0.017764	-0.018954
"2015-09-07 00:00"	0.000000	0.000000	-0.002449	-0.006157	-0.006802	-0.006879	-0.006880	-0.007119	-0.008622	-0.015908	-0.021251	-0.022459
"2015-09-08 00:00"	0.000000	0.000000	-0.002960	-0.007693	-0.008576	-0.008469	-0.008380	-0.008548	-0.009960	-0.019111	-0.024320	-0.025426
"2015-09-09 00:00"	0.000000	0.000000	-0.002638	-0.006912	-0.007601	-0.007536	-0.007499	-0.007715	-0.009192	-0.016104	-0.021251	-0.022372
"2015-09-10 00:00"	0.000000	0.000000	-0.002176	-0.005328	-0.005615	-0.005668	-0.005629	-0.005855	-0.007336	-0.014336	-0.019401	-0.020485
"2015-09-11 00:00"	0.000000	0.000000	-0.002075	-0.005242	-0.005513	-0.005573	-0.005564	-0.005828	-0.007335	-0.014332	-0.019324	-0.020405
"2015-09-12 00:00"	0.000000	0.000000	-0.001364	-0.002794	-0.002845	-0.002827	-0.002816	-0.003057	-0.004491	-0.011507	-0.016364	-0.017418
"2015-09-13 00:00"	0.000000	0.000000	-0.001293	-0.002705	-0.002774	-0.002784	-0.002771	-0.003015	-0.004412	-0.011287	-0.016052	-0.017047
"2015-09-14 00:00"	0.000000	0.000000	-0.002994	-0.007867	-0.007883	-0.008270	-0.008157	-0.008374	-0.009701	-0.016535	-0.021155	-0.022108
"2015-09-15 00:00"	0.000000	0.000000	-0.002868	-0.007723	-0.008590	-0.008616	-0.008565	-0.008812	-0.010119	-0.016933	-0.021464	-0.022410
"2015-09-16 00:00"	0.000000	0.000000	-0.003459	-0.009655	-0.010918	-0.010913	-0.010800	-0.011024	-0.012245	-0.019010	-0.023398	-0.024299
"2015-09-17 00:00"	0.000000	0.000000	-0.003084	-0.008336	-0.009273	-0.009171	-0.009093	-0.009329	-0.010518	-0.018118	-0.022392	-0.023287
"2015-09-18 00:00"	0.000000	0.000000	-0.003276	-0.009124	-0.010237	-0.010199	-0.010113	-0.010346	-0.011477	-0.018226	-0.022379	-0.023242
"2015-09-19 00:00"	0.000000	0.000000	-0.003304	-0.009056	-0.010070	-0.009970	-0.009899	-0.010142	-0.011219	-0.019758	-0.023781	-0.024617
"2015-09-20 00:00"	0.000000	0.000000	-0.003195	-0.008880	-0.009866	-0.009761	-0.009701	-0.009942	-0.010974	-0.017685	-0.021597	-0.022412
"2015-09-21 00:00"	0.000000	0.000000	-0.003265	-0.009087	-0.010061	-0.009980	-0.009927	-0.010173	-0.011148	-0.017835	-0.021622	-0.022408
"2015-09-22 00:00"	0.000000	0.000000	-0.001666	-0.003859	-0.004014	-0.004028	-0.004052	-0.004347	-0.005335	-0.013317	-0.017029	-0.017833
"2015-09-23 00:00"	0.000000	0.000000	-0.003005	-0.008182	-0.008482	-0.008719	-0.008620	-0.008823	-0.009669	-0.016278	-0.019814	-0.020528
"2015-09-24 00:00"	0.000000	0.000000	-0.002331	-0.005769	-0.006001	-0.005992	-0.006006	-0.006295	-0.007198	-0.018197	-0.021679	-0.022429
"2015-09-25 00:00"	0.000000	0.000000	-0.002877	-0.007787	-0.008520	-0.008414	-0.008322	-0.008540	-0.009342	-0.016077	-0.019416	-0.020111
"2015-09-26 00:00"	0.000000	0.000000	-0.002838	-0.007641	-0.008320	-0.008364	-0.008350	-0.008630	-0.009510	-0.018183	-0.021491	-0.022210
"2015-09-27 00:00"	0.000000	0.000000	-0.003212	-0.008776	-0.009618	-0.009467	-0.009377	-0.009593	-0.010394	-0.019506	-0.022707	-0.023364
"2015-09-28 00:00"	0.000000	0.000000	-0.003092	-0.008566	-0.009428	-0.009375	-0.009296	-0.009544	-0.010385	-0.016984	-0.020140	-0.020803
"2015-09-29 00:00"	0.000000	0.000000	-0.002966	-0.008189	-0.009027	-0.008953	-0.008898	-0.009173	-0.010037	-0.017195	-0.020285	-0.020947
"2015-09-30 00:00"	0.000000	0.000000	-0.003677	-0.010654	-0.011925	-0.012039	-0.011866	-0.012128	-0.012972	-0.019548	-0.022578	-0.023220
"2015-10-01 00:00"	0.000000	0.000000	-0.003298	-0.009291	-0.010302	-0.010311	-0.010211	-0.010494	-0.011372	-0.017963	-0.020942	-0.021585
"2015-10-02 00:00"	0.000000	0.000000	-0.002968	-0.008077	-0.008793	-0.008750	-0.008680	-0.008968	-0.009846	-0.016572	-0.019480	-0.020101
"2015-10-03 00:00"	0.000000	0.000000	-0.002193	-0.005469	-0.005545	-0.005615	-0.005573	-0.005859	-0.006725	-0.013319	-0.016143	-0.016739
"2015-10-04 00:00"	0.000000	0.000000	-0.002259	-0.005716	-0.005855	-0.006032	-0.006040	-0.006383	-0.007318	-0.013828	-0.016644	-0.017287
"2015-10-05 00:00"	0.000000	0.000000	-0.001743	-0.003961	-0.004015	-0.003983	-0.003969	-0.004278	-0.005158	-0.011462	-0.014172	-0.014762
"2015-10-06 00:00"	0.000000	0.000000	-0.002578	-0.006659	-0.006744	-0.006827	-0.006751	-0.007019	-0.007878	-0.014085	-0.016712	-0.017261
"2015-10-07 00:00"	0.000000	0.000000	-0.001551	-0.003496	-0.003638	-0.003696	-0.003694	-0.004025	-0.004985	-0.011158	-0.013782	-0.014372
"2015-10-08 00:00"	0.000000	0.000000	-0.002491	-0.006283	-0.006407	-0.006524	-0.006479	-0.006775	-0.007729	-0.013738	-0.016276	-0.016815
"2015-10-09 00:00"	0.000000	0.000000	-0.002920	-0.007817	-0.008662	-0.008631	-0.008569	-0.008873	-0.009867	-0.015748	-0.018239	-0.018772
"2015-10-10 00:00"	0.000000	0.000000	-0.003193	-0.008732	-0.009730	-0.009675	-0.009578	-0.009866	-0.010887	-0.016628	-0.019065	-0.019584
"2015-10-11 00:00"	0.000000	0.000000	-0.002437	-0.006294	-0.006760	-0.006908	-0.006898	-0.007257	-0.008398	-0.014086	-0.016533	-0.017099
"2015-10-12 00:00"	0.000000	0.000000	-0.002872	-0.007614	-0.008324	-0.008267	-0.008172	-0.008439	-0.009490	-0.014956	-0.017273	-0.017751
"2015-10-13 00:00"	0.000000	0.000000	-0.003035	-0.008288	-0.009171	-0.009075	-0.009010	-0.009310	-0.010435	-0.015837	-0.018135	-0.018634
"2015-10-14 00:00"	0.000000	0.000000	-0.002460	-0.006310	-0.006685	-0.006606	-0.006566	-0.006862	-0.008006	-0.013314	-0.015555	-0.016037
"2015-10-15 00:00"	0.000000	0.000000	-0.003490	-0.009919	-0.011166	-0.011097	-0.011027	-0.011341	-0.013918	-0.019546	-0.021760	-0.022248
"2015-10-16 00:00"	0.000000	0.000000	-0.002878	-0.007706	-0.008499	-0.008429	-0.008411	-0.008763	-0.012664	-0.021259	-0.023482	-0.023995
"2015-10-17 00:00"	0.000000	0.000000	-0.001674	-0.003796	-0.003844	-0.003816	-0.003804	-0.004129	-0.005805	-0.011778	-0.013912	-0.014386
"2015-10-18 00:00"	0.000000	0.000000	-0.002140	-0.005315	-0.005181	-0.005462	-0.005380	-0.005671	-0.007224	-0.012827	-0.014940	-0.015362
"2015-10-19 00:00"	0.000000	0.000000	-0.001501	-0.003339	-0.003427	-0.003458	-0.003484	-0.003872	-0.005612	-0.011361	-0.013529	-0.014019
"2015-10-20 00:00"	0.000000	0.000000	-0.002997	-0.007777	-0.008136	-0.008404	-0.008309	-0.008604	-0.010313	-0.015996	-0.018069	-0.018476
"2015-10-21 00:00"	0.000000	0.000000	-0.002898	-0.007627	-0.008491	-0.008456	-0.008396	-0.008753	-0.010583	-0.016320	-0.018423	-0.018876
"2015-10-22 00:00"	0.000000	0.000000	-0.003900	-0.011086	-0.012643	-0.012565	-0.012428	-0.012800	-0.014655	-0.020343	-0.022400	-0.022824
"2015-10-23 00:00"	0.000000	0.000000	-0.002105	-0.005169	-0.005484	-0.005489	-0.005484	-0.005892	-0.007829	-0.013517	-0.015591	-0.016054
"2015-10-24 00:00"	0.000000	0.000000	-0.002803	-0.007462	-0.008089	-0.008062	-0.007974	-0.008311	-0.010171	-0.015700	-0.017673	-0.018055
"2015-10-25 00:00"	0.000000	0.000000	-0.003342	-0.009216	-0.010321	-0.010210	-0.010143	-0.010529	-0.012457	-0.017961	-0.019939	-0.020348
"2015-10-26 00:00"	0.000000	0.000000	-0.002617	-0.006827	-0.007284	-0.007308	-0.007270	-0.007657	-0.009580	-0.014997	-0.016936	-0.017335
"2015-10-27 00:00"	0.000000	0.000000	-0.003793	-0.010874	-0.012244	-0.012224	-0.012106	-0.012486	-0.014404	-0.019733	-0.021626	-0.022003
"2015-10-28 00:00"	0.000000	0.000000	-0.002910	-0.007906	-0.008688	-0.008604	-0.008558	-0.008956	-0.010902	-0.016178	-0.018062	-0.018461
"2015-10-29 00:00"	0.000000	0.000000	-0.003000	-0.008242	-0.009033	-0.009062	-0.008981	-0.009373	-0.011292	-0.016454	-0.018274	-0.018640
"2015-10-30 00:00"	0.000000	0.000000	-0.003294	-0.009180	-0.010216	-0.010114	-0.010049	-0.010433	-0.012334	-0.017404	-0.019177	-0.019532
"2015-10-31 00:00"	0.000000	0.000000	-0.003782	-0.010969	-0.012321	-0.012335	-0.012222	-0.012613	-0.014508	-0.019503	-0.021231	-0.021572
"2015-11-01 00:00"	0.000000	0.000000	-0.002650	-0.007154	-0.007768	-0.007842	-0.007815	-0.008246	-0.010187	-0.015156	-0.016881	-0.017257
"2015-11-02 00:00"	0.000000	0.000000	-0.002621	-0.006943	-0.007315	-0.007365	-0.007327	-0.007714	-0.009583	-0.014403	-0.016029	-0.016341
"2015-11-03 00:00"	0.000000	0.000000	-0.002745	-0.007392	-0.008014	-0.007987	-0.007927	-0.008325	-0.010196	-0.014954	-0.016541	-0.016853
"2015-11-04 00:00"	0.000000	0.000000	-0.003427	-0.009701	-0.010762	-0.010729	-0.010609	-0.010954	-0.012756	-0.017399	-0.018906	-0.019175
"2015-11-05 00:00"	0.000000	0.000000	-0.003095	-0.008473	-0.009315	-0.009227	-0.009184	-0.009572	-0.011413	-0.016038	-0.017529	-0.017819
"2015-11-06 00:00"	0.000000	0.000000	-0.002534	-0.006599	-0.007075	-0.007048	-0.007023	-0.007438	-0.009292	-0.013887	-0.015348	-0.015649
"2015-11-07 00:00"	0.000000	0.000000	-0.002556	-0.006705	-0.007035	-0.007117	-0.007058	-0.007420	-0.009197	-0.013687	-0.015056	-0.015304
"2015-11-08 00:00"	0.000000	0.000000	-0.002941	-0.007785	-0.008406	-0.008322	-0.008262	-0.008616	-0.010383	-0.014862	-0.016179	-0.016409
"2015-11-09 00:00"	0.000000	0.000000	-0.001533	-0.003417	-0.003520	-0.003532	-0.003545	-0.003948	-0.005797	-0.010507	-0.011817	-0.012077
"2015-11-10 00:00"	0.000000	0.000000	-0.003062	-0.008225	-0.008586	-0.008678	-0.008620	-0.008987	-0.010833	-0.015627	-0.016894	-0.017115
"2015-11-11 00:00"	0.000000	0.000000	-0.002516	-0.006506	-0.006865	-0.007002	-0.006923	-0.007251	-0.009080	-0.014959	-0.016145	-0.016331
"2015-11-12 00:00"	0.000000	0.000000	-0.002561	-0.006624	-0.007143	-0.007085	-0.007053	-0.007423	-0.009338	-0.014442	-0.015642	-0.015860
"2015-11-13 00:00"	0.000000	0.000000	-0.002215	-0.005584	-0.005787	-0.005922	-0.005873	-0.006225	-0.008159	-0.013740	-0.014899	-0.015094
"2015-11-14 00:00"	0.000000	0.000000	-0.003234	-0.008915	-0.009903	-0.009851	-0.009769	-0.010126	-0.012104	-0.017473	-0.018595	-0.018785
"2015-11-15 00:00"	0.000000	0.000000	-0.003151	-0.008655	-0.009565	-0.009495	-0.009429	-0.009793	-0.011803	-0.017214	-0.018328	-0.018506
"2015-11-16 00:00"	0.000000	0.000000	-0.003099	-0.008470	-0.009319	-0.009384	-0.009323	-0.009684	-0.011724	-0.018066	-0.019171	-0.019356
"2015-11-17 00:00"	0.000000	0.000000	-0.003292	-0.009063	-0.010039	-0.009967	-0.009897	-0.010256	-0.012309	-0.017866	-0.018943	-0.019110
"2015-11-18 00:00"	0.000000	0.000000	-0.001803	-0.004227	-0.004353	-0.004379	-0.004402	-0.004811	-0.006939	-0.014432	-0.015519	-0.015713
"2015-11-19 00:00"	0.000000	0.000000	-0.003492	-0.009847	-0.010724	-0.010801	-0.010670	-0.010992	-0.013065	-0.018772	-0.019739	-0.019859
"2015-11-20 00:00"	0.000000	0.000000	-0.003864	-0.010940	-0.012359	-0.012312	-0.012228	-0.012585	-0.014740	-0.020434	-0.021447	-0.021592
"2015-11-21 00:00"	0.000000	0.000000	-0.003557	-0.010093	-0.011246	-0.011190	-0.011113	-0.011474	-0.013660	-0.019327	-0.020323	-0.020463
"2015-11-22 00:00"	0.000000	0.000000	-0.003402	-0.009520	-0.010610	-0.010595	-0.010490	-0.010834	-0.013021	-0.018645	-0.019622	-0.019755
"2015-11-23 00:00"	0.000000	0.000000	-0.002590	-0.006718	-0.007243	-0.007209	-0.007210	-0.007606	-0.009830	-0.015435	-0.016425	-0.016585
"2015-11-24 00:00"	0.000000	0.000000	-0.001800	-0.004185	-0.004139	-0.004225	-0.004169	-0.004480	-0.006578	-0.012036	-0.012936	-0.013019
"2015-11-25 00:00"	0.000000	0.000000	-0.002953	-0.007882	-0.008366	-0.008437	-0.008417	-0.008791	-0.010944	-0.016445	-0.017387	-0.017527
"2015-11-26 00:00"	0.000000	0.000000	-0.002989	-0.008038	-0.008758	-0.008782	-0.008691	-0.008978	-0.010999	-0.016390	-0.017245	-0.017309
"2015-11-27 00:00"	0.000000	0.000000	-0.003246	-0.008847	-0.009851	-0.009753	-0.009691	-0.010020	-0.012044	-0.017462	-0.018332	-0.018421
"2015-11-28 00:00"	0.000000	0.000000	-0.004038	-0.011628	-0.013115	-0.013055	-0.012980	-0.013273	-0.015225	-0.020619	-0.021463	-0.021539
"2015-11-29 00:00"	0.000000	0.000000	-0.001981	-0.004741	-0.004863	-0.004892	-0.004924	-0.005287	-0.007251	-0.012670	-0.013545	-0.013667
"2015-11-30 00:00"	0.000000	0.000000	-0.003401	-0.009397	-0.010308	-0.010279	-0.010183	-0.010438	-0.012228	-0.017537	-0.018309	-0.018336
"2015-12-01 00:00"	0.000000	0.000000	-0.002348	-0.006036	-0.006381	-0.006457	-0.006404	-0.006695	-0.008473	-0.013826	-0.014618	-0.014674
"2015-12-02 00:00"	0.000000	0.000000	-0.002000	-0.004765	-0.004838	-0.004840	-0.004848	-0.005166	-0.006932	-0.013417	-0.014190	-0.014236
"2015-12-03 00:00"	0.000000	0.000000	-0.002807	-0.007298	-0.007810	-0.007724	-0.007697	-0.007991	-0.009690	-0.017629	-0.018436	-0.018522
"2015-12-04 00:00"	0.000000	0.000000	-0.003653	-0.010362	-0.011585	-0.011601	-0.011503	-0.011748	-0.013405	-0.018929	-0.019674	-0.019692
"2015-12-05 00:00"	0.000000	0.000000	-0.003720	-0.010586	-0.011863	-0.011809	-0.011755	-0.012034	-0.013716	-0.019283	-0.020053	-0.020088
"2015-12-06 00:00"	0.000000	0.000000	-0.002812	-0.007422	-0.008041	-0.007962	-0.007936	-0.008227	-0.009899	-0.015429	-0.016212	-0.016259
"2015-12-07 00:00"	0.000000	0.000000	-0.004085	-0.011780	-0.013278	-0.013193	-0.013113	-0.013369	-0.014954	-0.020356	-0.021096	-0.021095
"2015-12-08 00:00"	0.000000	0.000000	-0.003189	-0.008846	-0.009756	-0.009741	-0.009684	-0.009958	-0.011534	-0.016873	-0.017637	-0.017658
"2015-12-09 00:00"	0.000000	0.000000	-0.002668	-0.007151	-0.007662	-0.007827	-0.007811	-0.008121	-0.009686	-0.014960	-0.015751	-0.015800
"2015-12-10 00:00"	0.000000	0.000000	-0.002607	-0.006877	-0.007253	-0.007392	-0.007308	-0.007532	-0.008947	-0.014044	-0.014763	-0.014735
"2015-12-11 00:00"	0.000000	0.000000	-0.003047	-0.008182	-0.008941	-0.008858	-0.008818	-0.009090	-0.010521	-0.015618	-0.016381	-0.016396
"2015-12-12 00:00"	0.000000	0.000000	-0.002741	-0.007256	-0.007731	-0.007832	-0.007772	-0.008021	-0.009391	-0.014436	-0.015181	-0.015176
"2015-12-13 00:00"	0.000000	0.000000	-0.002817	-0.007511	-0.008043	-0.008153	-0.008107	-0.008372	-0.009716	-0.014745	-0.015503	-0.015508
"2015-12-14 00:00"	0.000000	0.000000	-0.003259	-0.009153	-0.010072	-0.010153	-0.010124	-0.010393	-0.011704	-0.016712	-0.017482	-0.017504
"2015-12-15 00:00"	0.000000	0.000000	-0.003413	-0.009362	-0.010277	-0.010147	-0.010065	-0.010280	-0.011478	-0.016389	-0.017106	-0.017069
"2015-12-16 00:00"	0.000000	0.000000	-0.002489	-0.006438	-0.006722	-0.006824	-0.006785	-0.007034	-0.008251	-0.013224	-0.013985	-0.013988
"2015-12-17 00:00"	0.000000	0.000000	-0.002774	-0.007359	-0.007949	-0.007883	-0.007847	-0.008102	-0.009307	-0.014349	-0.015125	-0.015132
"2015-12-18 00:00"	0.000000	0.000000	-0.002906	-0.007808	-0.008425	-0.008432	-0.008373	-0.008602	-0.009773	-0.014862	-0.015636	-0.015630
"2015-12-19 00:00"	0.000000	0.000000	-0.002156	-0.005411	-0.005475	-0.005689	-0.005664	-0.005921	-0.007106	-0.012259	-0.013054	-0.013057
"2015-12-20 00:00"	0.000000	0.000000	-0.002752	-0.007332	-0.007846	-0.007981	-0.007925	-0.008170	-0.009335	-0.014520	-0.015323	-0.015319
"2015-12-21 00:00"	0.000000	0.000000	-0.002709	-0.007182	-0.007660	-0.007811	-0.007764	-0.008010	-0.009170	-0.014385	-0.015207	-0.015209
"2015-12-22 00:00"	0.000000	0.000000	-0.003247	-0.008946	-0.009890	-0.009760	-0.009703	-0.009951	-0.011091	-0.016300	-0.017129	-0.017128
"2015-12-23 00:00"	0.000000	0.000000	-0.003252	-0.009043	-0.009971	-0.009921	-0.009906	-0.010190	-0.011364	-0.016596	-0.017477	-0.017516
"2015-12-24 00:00"	0.000000	0.000000	-0.001564	-0.003510	-0.003562	-0.003558	-0.003543	-0.003811	-0.004925	-0.010063	-0.010919	-0.010922
"2015-12-25 00:00"	0.000000	0.000000	-0.001728	-0.003842	-0.003846	-0.003875	-0.003824	-0.004055	-0.005101	-0.010150	-0.010983	-0.010952
"2015-12-26 00:00"	0.000000	0.000000	-0.002591	-0.006646	-0.006687	-0.006856	-0.006842	-0.007145	-0.008270	-0.013372	-0.014278	-0.014309
"2015-12-27 00:00"	0.000000	0.000000	-0.001531	-0.003254	-0.003309	-0.003290	-0.003277	-0.003550	-0.004616	-0.009646	-0.010534	-0.010534
"2015-12-28 00:00"	0.000000	0.000000	-0.002322	-0.005529	-0.005711	-0.005824	-0.005725	-0.005946	-0.006936	-0.011884	-0.012735	-0.012684
"2015-12-29 00:00"	0.000000	0.000000	-0.003092	-0.008184	-0.009215	-0.009235	-0.009198	-0.009465	-0.010528	-0.015551	-0.016478	-0.016488
"2015-12-30 00:00"	0.000000	0.000000	-0.002411	-0.006015	-0.006631	-0.006626	-0.006643	-0.006963	-0.008080	-0.013149	-0.014123	-0.014165
"2015-12-31 00:00"	0.000000	0.000000	-0.002280	-0.005500	-0.005880	-0.005833	-0.005811	-0.006090	-0.007148	-0.012148	-0.013092	-0.013089
"2016-01-01 00:00"	0.000000	0.000000	-0.003689	-0.010116	-0.011378	-0.011250	-0.011159	-0.011380	-0.012376	-0.017330	-0.018247	-0.018199
"2016-01-02 00:00"	0.000000	0.000000	-0.004105	-0.011879	-0.013571	-0.013528	-0.013485	-0.013752	-0.014820	-0.019870	-0.020851	-0.020850
"2016-01-03 00:00"	0.000000	0.000000	-0.003625	-0.010220	-0.011592	-0.011526	-0.011477	-0.011765	-0.012872	-0.017941	-0.018953	-0.018960
"2016-01-04 00:00"	0.000000	0.000000	-0.003739	-0.010753	-0.012162	-0.012119	-0.012087	-0.012362	-0.013442	-0.018447	-0.019454	-0.019446
"2016-01-05 00:00"	0.000000	0.000000	-0.004289	-0.012629	-0.014351	-0.014281	-0.014224	-0.014488	-0.015560	-0.020523	-0.021554	-0.021558
"2016-01-06 00:00"	0.000000	0.000000	-0.002183	-0.005488	-0.005829	-0.005836	-0.005852	-0.006191	-0.007315	-0.012249	-0.013325	-0.013372
"2016-01-07 00:00"	0.000000	0.000000	-0.004039	-0.011727	-0.013135	-0.013046	-0.012952	-0.013186	-0.014161	-0.018886	-0.019875	-0.019828
"2016-01-08 00:00"	0.000000	0.000000	-0.003620	-0.010481	-0.011859	-0.011808	-0.011770	-0.012062	-0.013077	-0.017769	-0.018806	-0.018812
"2016-01-09 00:00"	0.000000	0.000000	-0.003712	-0.010704	-0.012063	-0.011979	-0.011940	-0.012223	-0.013204	-0.017802	-0.018832	-0.018831
"2016-01-10 00:00"	0.000000	0.000000	-0.004117	-0.012161	-0.013831	-0.013752	-0.013705	-0.013980	-0.014913	-0.019402	-0.020411	-0.020400
"2016-01-11 00:00"	0.000000	0.000000	-0.004055	-0.011842	-0.013535	-0.013439	-0.013380	-0.013655	-0.014588	-0.019017	-0.020043	-0.020056
"2016-01-12 00:00"	0.000000	0.000000	-0.003756	-0.010925	-0.012311	-0.012238	-0.012187	-0.012451	-0.013361	-0.017670	-0.018661	-0.018653
"2016-01-13 00:00"	0.000000	0.000000	-0.003571	-0.010331	-0.011585	-0.011511	-0.011458	-0.011722	-0.012640	-0.016871	-0.017858	-0.017861
"2016-01-14 00:00"	0.000000	0.000000	-0.002888	-0.008030	-0.008833	-0.008822	-0.008811	-0.009130	-0.010115	-0.014319	-0.015327	-0.015370
"2016-01-15 00:00"	0.000000	0.000000	-0.003762	-0.010917	-0.012221	-0.012129	-0.012032	-0.012242	-0.013103	-0.017132	-0.018044	-0.018009
"2016-01-16 00:00"	0.000000	0.000000	-0.003380	-0.009644	-0.010755	-0.010714	-0.010687	-0.010954	-0.011873	-0.015895	-0.016825	-0.016829
"2016-01-17 00:00"	0.000000	0.000000	-0.004123	-0.012149	-0.013785	-0.013746	-0.013693	-0.013932	-0.014836	-0.018792	-0.019692	-0.019685
"2016-01-18 00:00"	0.000000	0.000000	-0.003199	-0.008964	-0.009999	-0.009930	-0.009878	-0.010131	-0.011053	-0.014968	-0.015855	-0.015858
"2016-01-19 00:00"	0.000000	0.000000	-0.003344	-0.009497	-0.010598	-0.010537	-0.010499	-0.010752	-0.011685	-0.015558	-0.016426	-0.016432
"2016-01-20 00:00"	0.000000	0.000000	-0.003200	-0.008956	-0.009960	-0.009946	-0.009942	-0.010215	-0.011180	-0.015043	-0.015915	-0.015950
"2016-01-21 00:00"	0.000000	0.000000	-0.001689	-0.003877	-0.003895	-0.003927	-0.003875	-0.004090	-0.004973	-0.008712	-0.009496	-0.009470
"2016-01-22 00:00"	0.000000	0.000000	-0.002165	-0.005160	-0.005239	-0.005217	-0.005212	-0.005471	-0.006419	-0.010196	-0.011003	-0.011024
"2016-01-23 00:00"	0.000000	0.000000	-0.003566	-0.009849	-0.010911	-0.010821	-0.010764	-0.010971	-0.011864	-0.015593	-0.016331	-0.016299
"2016-01-24 00:00"	0.000000	0.000000	-0.004113	-0.011868	-0.013541	-0.013481	-0.013444	-0.013670	-0.014592	-0.018389	-0.019132	-0.019121
"2016-01-25 00:00"	0.000000	0.000000	-0.004117	-0.011872	-0.013594	-0.013529	-0.013483	-0.013715	-0.014666	-0.018522	-0.019267	-0.019273
"2016-01-26 00:00"	0.000000	0.000000	-0.002320	-0.005769	-0.006150	-0.006144	-0.006148	-0.006420	-0.007423	-0.011343	-0.012100	-0.012137
"2016-01-27 00:00"	0.000000	0.000000	-0.002962	-0.007951	-0.008683	-0.008649	-0.008580	-0.008788	-0.009708	-0.013638	-0.014307	-0.014264
"2016-01-28 00:00"	0.000000	0.000000	-0.003500	-0.010061	-0.011307	-0.011334	-0.011316	-0.011570	-0.012565	-0.016681	-0.017393	-0.017402
"2016-01-29 00:00"	0.000000	0.000000	-0.003565	-0.010098	-0.011252	-0.011228	-0.011166	-0.011398	-0.012388	-0.016573	-0.017258	-0.017252
"2016-01-30 00:00"	0.000000	0.000000	-0.002684	-0.007013	-0.007528	-0.007589	-0.007556	-0.007819	-0.008854	-0.013126	-0.013825	-0.013846
"2016-01-31 00:00"	0.000000	0.000000	-0.003514	-0.009839	-0.010904	-0.010862	-0.010800	-0.011017	-0.012000	-0.016272	-0.016920	-0.016904
"2016-02-01 00:00"	0.000000	0.000000	-0.003631	-0.009972	-0.011077	-0.010946	-0.010896	-0.011148	-0.012181	-0.016532	-0.017187	-0.017194
"2016-02-02 00:00"	0.000000	0.000000	-0.003115	-0.008440	-0.009208	-0.009241	-0.009177	-0.009411	-0.010424	-0.014787	-0.015409	-0.015401
"2016-02-03 00:00"	0.000000	0.000000	-0.004125	-0.011937	-0.013379	-0.013362	-0.013302	-0.013534	-0.014542	-0.018914	-0.019509	-0.019493
"2016-02-04 00:00"	0.000000	0.000000	-0.003235	-0.008877	-0.009828	-0.009745	-0.009716	-0.009979	-0.011031	-0.015442	-0.016052	-0.016074
"2016-02-05 00:00"	0.000000	0.000000	-0.003911	-0.011287	-0.012700	-0.012653	-0.012606	-0.012836	-0.013844	-0.018211	-0.018774	-0.018767
"2016-02-06 00:00"	0.000000	0.000000	-0.003371	-0.009509	-0.010636	-0.010597	-0.010552	-0.010790	-0.011805	-0.016157	-0.016700	-0.016698
"2016-02-07 00:00"	0.000000	0.000000	-0.002401	-0.006204	-0.006677	-0.006671	-0.006681	-0.006961	-0.008029	-0.012408	-0.012980	-0.013025
"2016-02-08 00:00"	0.000000	0.000000	-0.002126	-0.005099	-0.005069	-0.005157	-0.005082	-0.005282	-0.006234	-0.010471	-0.010944	-0.010902
"2016-02-09 00:00"	0.000000	0.000000	-0.001602	-0.003665	-0.003825	-0.003850	-0.003876	-0.004158	-0.005208	-0.009509	-0.010050	-0.010092
"2016-02-10 00:00"	0.000000	0.000000	-0.001628	-0.003312	-0.003368	-0.003348	-0.003335	-0.003571	-0.004555	-0.008787	-0.009274	-0.009274
"2016-02-11 00:00"	0.000000	0.000000	-0.002633	-0.006377	-0.006375	-0.006623	-0.006507	-0.006692	-0.007613	-0.011832	-0.012264	-0.012218
"2016-02-12 00:00"	0.000000	0.000000	-0.001904	-0.004243	-0.004489	-0.004501	-0.004525	-0.004801	-0.005841	-0.012234	-0.012752	-0.012795
"2016-02-13 00:00"	0.000000	0.000000	-0.001809	-0.003613	-0.003621	-0.003678	-0.003624	-0.003821	-0.004759	-0.010902	-0.011338	-0.011304
"2016-02-14 00:00"	0.000000	0.000000	-0.003371	-0.009094	-0.010280	-0.010268	-0.010224	-0.010448	-0.011428	-0.016151	-0.016602	-0.016585
"2016-02-15 00:00"	0.000000	0.000000	-0.003228	-0.008435	-0.009548	-0.009517	-0.009466	-0.009684	-0.010664	-0.015467	-0.015926	-0.015921
"2016-02-16 00:00"	0.000000	0.000000	-0.002829	-0.007226	-0.008078	-0.008060	-0.008002	-0.008228	-0.009212	-0.014070	-0.014530	-0.014526
"2016-02-17 00:00"	0.000000	0.000000	-0.002014	-0.004539	-0.004639	-0.004753	-0.004728	-0.004981	-0.005991	-0.010917	-0.011392	-0.011408
"2016-02-18 00:00"	0.000000	0.000000	-0.001545	-0.003315	-0.003466	-0.003483	-0.003509	-0.003806	-0.004860	-0.009840	-0.010338	-0.010376
"2016-02-19 00:00"	0.000000	0.000000	-0.003143	-0.008241	-0.009004	-0.009085	-0.008972	-0.009172	-0.010099	-0.014994	-0.015401	-0.015349
"2016-02-20 00:00"	0.000000	0.000000	-0.003388	-0.009452	-0.010800	-0.010793	-0.010785	-0.011077	-0.012132	-0.017172	-0.017681	-0.017733
"2016-02-21 00:00"	0.000000	0.000000	-0.001945	-0.004397	-0.004367	-0.004451	-0.004380	-0.004600	-0.005541	-0.010445	-0.010863	-0.010827
"2016-02-22 00:00"	0.000000	0.000000	-0.003892	-0.011189	-0.012793	-0.012704	-0.012644	-0.012890	-0.013868	-0.018760	-0.019203	-0.019192
"2016-02-23 00:00"	0.000000	0.000000	-0.002309	-0.005675	-0.006015	-0.006008	-0.005980	-0.006255	-0.007252	-0.012104	-0.012558	-0.012562
"2016-02-24 00:00"	0.000000	0.000000	-0.003141	-0.008680	-0.009782	-0.009769	-0.009768	-0.010085	-0.011130	-0.015988	-0.016482	-0.016529
"2016-02-25 00:00"	0.000000	0.000000	-0.001635	-0.003516	-0.003508	-0.003551	-0.003494	-0.003733	-0.004661	-0.009368	-0.009779	-0.009745
"2016-02-26 00:00"	0.000000	0.000000	-0.003244	-0.008940	-0.009697	-0.009849	-0.009778	-0.010044	-0.011005	-0.015704	-0.016134	-0.016119
"2016-02-27 00:00"	0.000000	0.000000	-0.003760	-0.010599	-0.012127	-0.012032	-0.011974	-0.012239	-0.013211	-0.017905	-0.018355	-0.018362
"2016-02-28 00:00"	0.000000	0.000000	-0.003728	-0.010643	-0.012095	-0.012032	-0.011986	-0.012259	-0.013218	-0.017864	-0.018297	-0.018291
"2016-02-29 00:00"	0.000000	0.000000	-0.002572	-0.006656	-0.007193	-0.007234	-0.007232	-0.007551	-0.008564	-0.013227	-0.013709	-0.013756
"2016-03-01 00:00"	0.000000	0.000000	-0.002095	-0.005121	-0.005235	-0.005343	-0.005296	-0.005576	-0.006532	-0.011104	-0.011541	-0.011541
"2016-03-02 00:00"	0.000000	0.000000	-0.001597	-0.003464	-0.003528	-0.003508	-0.003495	-0.003777	-0.004729	-0.009277	-0.009715	-0.009718
"2016-03-03 00:00"	0.000000	0.000000	-0.003323	-0.009222	-0.010132	-0.010028	-0.009940	-0.010171	-0.011062	-0.015531	-0.015922	-0.015875
"2016-03-04 00:00"	0.000000	0.000000	-0.002065	-0.004806	-0.004910	-0.005022	-0.005000	-0.005288	-0.006248	-0.010762	-0.011207	-0.011217
"2016-03-05 00:00"	0.000000	0.000000	-0.002570	-0.006598	-0.007187	-0.007184	-0.007135	-0.007401	-0.008334	-0.012829	-0.013261	-0.013257
"2016-03-06 00:00"	0.000000	0.000000	-0.003097	-0.008317	-0.009352	-0.009305	-0.009254	-0.009530	-0.010481	-0.015690	-0.016134	-0.016140
"2016-03-07 00:00"	0.000000	0.000000	-0.003764	-0.010659	-0.012133	-0.012073	-0.012015	-0.012276	-0.013212	-0.017898	-0.018337	-0.018331
"2016-03-08 00:00"	0.000000	0.000000	-0.002723	-0.007122	-0.007741	-0.007777	-0.007739	-0.008037	-0.009019	-0.013828	-0.014291	-0.014298
"2016-03-09 00:00"	0.000000	0.000000	-0.001958	-0.004667	-0.004856	-0.004860	-0.004871	-0.005213	-0.006251	-0.011197	-0.011698	-0.011734
"2016-03-10 00:00"	0.000000	0.000000	-0.002486	-0.006282	-0.006557	-0.006482	-0.006409	-0.006668	-0.007602	-0.012505	-0.012933	-0.012888
"2016-03-11 00:00"	0.000000	0.000000	-0.002571	-0.006672	-0.007429	-0.007425	-0.007390	-0.007636	-0.008816	-0.018565	-0.019085	-0.019127
"2016-03-12 00:00"	0.000000	0.000000	-0.002922	-0.007899	-0.008624	-0.008570	-0.008517	-0.008832	-0.009880	-0.015011	-0.015519	-0.015519
"2016-03-13 00:00"	0.000000	0.000000	-0.002375	-0.006035	-0.006387	-0.006395	-0.006314	-0.006618	-0.007642	-0.012733	-0.013210	-0.013164
"2016-03-14 00:00"	0.000000	0.000000	-0.002527	-0.006541	-0.007154	-0.007149	-0.007162	-0.007548	-0.008707	-0.013905	-0.014488	-0.014531
"2016-03-15 00:00"	0.000000	0.000000	-0.003647	-0.010204	-0.011471	-0.011359	-0.011266	-0.011556	-0.012621	-0.017707	-0.018222	-0.018179
"2016-03-16 00:00"	0.000000	0.000000	-0.003772	-0.010848	-0.012336	-0.012256	-0.012185	-0.012526	-0.013671	-0.018770	-0.019337	-0.019330
"2016-03-17 00:00"	0.000000	0.000000	-0.003089	-0.008552	-0.009532	-0.009611	-0.009600	-0.010006	-0.011242	-0.016340	-0.016973	-0.017021
"2016-03-18 00:00"	0.000000	0.000000	-0.002753	-0.007270	-0.007829	-0.007765	-0.007691	-0.008011	-0.009144	-0.014065	-0.014622	-0.014582
"2016-03-19 00:00"	0.000000	0.000000	-0.002593	-0.006892	-0.007487	-0.007500	-0.007450	-0.007811	-0.009022	-0.013995	-0.014605	-0.014600
"2016-03-20 00:00"	0.000000	0.000000	-0.003155	-0.008784	-0.009809	-0.009834	-0.009840	-0.010251	-0.011547	-0.016598	-0.017269	-0.017310
"2016-03-21 00:00"	0.000000	0.000000	-0.002118	-0.005096	-0.005083	-0.005177	-0.005104	-0.005432	-0.006647	-0.012787	-0.013401	-0.013363
"2016-03-22 00:00"	0.000000	0.000000	-0.001547	-0.003425	-0.003540	-0.003559	-0.003585	-0.004002	-0.005352	-0.011154	-0.011832	-0.011870
"2016-03-23 00:00"	0.000000	0.000000	-0.001860	-0.004345	-0.004402	-0.004517	-0.004476	-0.004853	-0.006186	-0.011602	-0.012272	-0.012274
"2016-03-24 00:00"	0.000000	0.000000	-0.001946	-0.004546	-0.004565	-0.004711	-0.004666	-0.005045	-0.006407	-0.011838	-0.012553	-0.012553
"2016-03-25 00:00"	0.000000	0.000000	-0.003213	-0.008660	-0.009559	-0.009607	-0.009495	-0.009816	-0.011142	-0.016573	-0.017264	-0.017218
"2016-03-26 00:00"	0.000000	0.000000	-0.003572	-0.009957	-0.011447	-0.011364	-0.011323	-0.011697	-0.013115	-0.018627	-0.019388	-0.019393
"2016-03-27 00:00"	0.000000	0.000000	-0.001553	-0.003437	-0.003601	-0.003623	-0.003651	-0.004074	-0.005565	-0.011095	-0.011911	-0.011952
"2016-03-28 00:00"	0.000000	0.000000	-0.003064	-0.008104	-0.008836	-0.008901	-0.008806	-0.009146	-0.010548	-0.015968	-0.016721	-0.016680
"2016-03-29 00:00"	0.000000	0.000000	-0.003537	-0.009778	-0.011109	-0.011041	-0.010985	-0.011356	-0.012833	-0.019041	-0.019854	-0.019861
"2016-03-30 00:00"	0.000000	0.000000	-0.004441	-0.012956	-0.014947	-0.014878	-0.014802	-0.015146	-0.016615	-0.022191	-0.023023	-0.023010
"2016-03-31 00:00"	0.000000	0.000000	-0.002514	-0.006518	-0.007017	-0.007041	-0.007009	-0.007391	-0.008916	-0.014514	-0.015396	-0.015410
"2016-04-01 00:00"	0.000000	0.000000	-0.004306	-0.012626	-0.014508	-0.014432	-0.014351	-0.014695	-0.016201	-0.021721	-0.022604	-0.022593
"2016-04-02 00:00"	0.000000	0.000000	-0.001720	-0.003983	-0.004230	-0.004248	-0.004276	-0.004704	-0.006297	-0.011809	-0.012767	-0.012816
"2016-04-03 00:00"	0.000000	0.000000	-0.001926	-0.004581	-0.004628	-0.004566	-0.004522	-0.004868	-0.006365	-0.011724	-0.012631	-0.012611
"2016-04-04 00:00"	0.000000	0.000000	-0.002452	-0.006151	-0.006270	-0.006285	-0.006296	-0.006697	-0.008273	-0.018032	-0.019004	-0.019021
"2016-04-05 00:00"	0.000000	0.000000	-0.001833	-0.004106	-0.004157	-0.004109	-0.004077	-0.004431	-0.006000	-0.012398	-0.013342	-0.013305
"2016-04-06 00:00"	0.000000	0.000000	-0.002512	-0.006312	-0.006690	-0.006675	-0.006614	-0.006954	-0.011590	-0.023278	-0.024315	-0.024315
"2016-04-07 00:00"	0.000000	0.000000	-0.003833	-0.011049	-0.012668	-0.012572	-0.012522	-0.012886	-0.014819	-0.020527	-0.021631	-0.021618
"2016-04-08 00:00"	0.000000	0.000000	-0.003932	-0.011336	-0.012943	-0.012877	-0.012831	-0.013196	-0.015412	-0.021208	-0.022378	-0.022373
"2016-04-09 00:00"	0.000000	0.000000	-0.003355	-0.009500	-0.010698	-0.010728	-0.010670	-0.011042	-0.013098	-0.018925	-0.020165	-0.020170
"2016-04-10 00:00"	0.000000	0.000000	-0.001785	-0.004162	-0.004255	-0.004365	-0.004349	-0.004749	-0.006894	-0.012713	-0.014015	-0.014027
"2016-04-11 00:00"	0.000000	0.000000	-0.001859	-0.004431	-0.004527	-0.004542	-0.004560	-0.004993	-0.007224	-0.013053	-0.014430	-0.014463
"2016-04-12 00:00"	0.000000	0.000000	-0.001960	-0.004536	-0.004561	-0.004529	-0.004486	-0.004859	-0.007074	-0.013941	-0.015289	-0.015242
"2016-04-13 00:00"	0.000000	0.000000	-0.001933	-0.004471	-0.004559	-0.004558	-0.004565	-0.004993	-0.008718	-0.016809	-0.018302	-0.018353
"2016-04-14 00:00"	0.000000	0.000000	-0.001694	-0.003690	-0.003689	-0.003722	-0.003667	-0.004031	-0.006566	-0.012757	-0.014164	-0.014143
"2016-04-15 00:00"	0.000000	0.000000	-0.002650	-0.006806	-0.007137	-0.007080	-0.007041	-0.007438	-0.009965	-0.017010	-0.018574	-0.018562
"2016-04-16 00:00"	0.000000	0.000000	-0.004002	-0.011680	-0.013484	-0.013383	-0.013318	-0.013713	-0.016480	-0.022781	-0.024378	-0.024388
"2016-04-17 00:00"	0.000000	0.000000	-0.001870	-0.004456	-0.004690	-0.004712	-0.004741	-0.005209	-0.007949	-0.014260	-0.015982	-0.016032
"2016-04-18 00:00"	0.000000	0.000000	-0.001462	-0.003137	-0.003190	-0.003170	-0.003157	-0.003578	-0.006266	-0.012803	-0.014551	-0.014550
"2016-04-19 00:00"	0.000000	0.000000	-0.001770	-0.003958	-0.003923	-0.004012	-0.003953	-0.004334	-0.006991	-0.014762	-0.016540	-0.016503
"2016-04-20 00:00"	0.000000	0.000000	-0.003662	-0.010483	-0.011590	-0.011691	-0.011612	-0.012026	-0.014752	-0.021775	-0.023638	-0.023628
"2016-04-21 00:00"	0.000000	0.000000	-0.003545	-0.010038	-0.011476	-0.011406	-0.011355	-0.011767	-0.014519	-0.020732	-0.022663	-0.022662
"2016-04-22 00:00"	0.000000	0.000000	-0.003840	-0.011190	-0.012814	-0.012732	-0.012677	-0.013087	-0.015814	-0.021885	-0.023861	-0.023853
"2016-04-23 00:00"	0.000000	0.000000	-0.002374	-0.006226	-0.006773	-0.006774	-0.006787	-0.007257	-0.010012	-0.016005	-0.018080	-0.018129
"2016-04-24 00:00"	0.000000	0.000000	-0.003651	-0.010451	-0.011874	-0.011731	-0.011627	-0.011993	-0.014591	-0.023023	-0.024967	-0.025075
"2016-04-25 00:00"	0.000000	0.000000	-0.003267	-0.009350	-0.010497	-0.010417	-0.010368	-0.010787	-0.013483	-0.019424	-0.021561	-0.021562
"2016-04-26 00:00"	0.000000	0.000000	-0.004008	-0.011932	-0.013567	-0.013458	-0.013407	-0.013817	-0.016499	-0.022438	-0.024622	-0.024612
"2016-04-27 00:00"	0.000000	0.000000	-0.004027	-0.011868	-0.013513	-0.013417	-0.013356	-0.013779	-0.016462	-0.022359	-0.024606	-0.024612
"2016-04-28 00:00"	0.000000	0.000000	-0.003367	-0.009834	-0.011031	-0.011000	-0.010986	-0.011440	-0.014104	-0.019929	-0.022237	-0.022272
"2016-04-29 00:00"	0.000000	0.000000	-0.002151	-0.005531	-0.005814	-0.005826	-0.005763	-0.006157	-0.008697	-0.014805	-0.017092	-0.017065
"2016-04-30 00:00"	0.000000	0.000000	-0.002586	-0.007027	-0.007473	-0.007455	-0.007454	-0.007912	-0.010514	-0.016383	-0.018759	-0.018787
"2016-05-01 00:00"	0.000000	0.000000	-0.003433	-0.009824	-0.010980	-0.010848	-0.010739	-0.011106	-0.013586	-0.019426	-0.021786	-0.021752
"2016-05-02 00:00"	0.000000	0.000000	-0.003489	-0.009912	-0.011154	-0.011059	-0.011003	-0.011427	-0.013933	-0.019832	-0.022261	-0.022266
"2016-05-03 00:00"	0.000000	0.000000	-0.001699	-0.004047	-0.004158	-0.004172	-0.004189	-0.004649	-0.007146	-0.013185	-0.015663	-0.015690
"2016-05-04 00:00"	0.000000	0.000000	-0.003281	-0.009383	-0.010266	-0.010154	-0.010071	-0.010450	-0.012835	-0.019693	-0.022135	-0.022105
"2016-05-05 00:00"	0.000000	0.000000	-0.002058	-0.005236	-0.005442	-0.005560	-0.005549	-0.006003	-0.008453	-0.014441	-0.016974	-0.017003
"2016-05-06 00:00"	0.000000	0.000000	-0.003046	-0.008452	-0.009325	-0.009344	-0.009241	-0.009602	-0.011928	-0.017784	-0.020275	-0.020241
"2016-05-07 00:00"	0.000000	0.000000	-0.003664	-0.010555	-0.011932	-0.011851	-0.011796	-0.012204	-0.014560	-0.020397	-0.022945	-0.022951
"2016-05-08 00:00"	0.000000	0.000000	-0.002803	-0.007653	-0.008436	-0.008375	-0.008326	-0.008721	-0.011024	-0.016756	-0.019304	-0.019305
"2016-05-09 00:00"	0.000000	0.000000	-0.001958	-0.004833	-0.004879	-0.004904	-0.004883	-0.005281	-0.007547	-0.013209	-0.015764	-0.015767
"2016-05-10 00:00"	0.000000	0.000000	-0.003037	-0.008469	-0.009368	-0.009295	-0.009240	-0.009616	-0.011830	-0.017421	-0.019969	-0.019966
"2016-05-11 00:00"	0.000000	0.000000	-0.002363	-0.006029	-0.006419	-0.006367	-0.006347	-0.006741	-0.008943	-0.014508	-0.017074	-0.017092
"2016-05-12 00:00"	0.000000	0.000000	-0.002764	-0.007498	-0.008140	-0.008091	-0.008067	-0.008453	-0.010616	-0.016152	-0.018705	-0.018716
"2016-05-13 00:00"	0.000000	0.000000	-0.002235	-0.005806	-0.006011	-0.006148	-0.006103	-0.006472	-0.008580	-0.014080	-0.016610	-0.016609
"2016-05-14 00:00"	0.000000	0.000000	-0.002769	-0.007535	-0.008039	-0.008198	-0.008102	-0.008420	-0.010438	-0.015868	-0.018348	-0.018312
"2016-05-15 00:00"	0.000000	0.000000	-0.001625	-0.003772	-0.003887	-0.003958	-0.003948	-0.004316	-0.006366	-0.011857	-0.014375	-0.014394
"2016-05-16 00:00"	0.000000	0.000000	-0.001942	-0.004631	-0.004682	-0.004712	-0.004694	-0.005046	-0.007047	-0.012518	-0.014998	-0.014993
"2016-05-17 00:00"	0.000000	0.000000	-0.002342	-0.005924	-0.006133	-0.006120	-0.006119	-0.006485	-0.008486	-0.014015	-0.016500	-0.016524
"2016-05-18 00:00"	0.000000	0.000000	-0.001584	-0.003336	-0.003378	-0.003343	-0.003318	-0.003643	-0.005576	-0.011519	-0.013951	-0.013947
"2016-05-19 00:00"	0.000000	0.000000	-0.002974	-0.007942	-0.008691	-0.008608	-0.008549	-0.008855	-0.010761	-0.016415	-0.018799	-0.018785
"2016-05-20 00:00"	0.000000	0.000000	-0.003664	-0.010404	-0.011746	-0.011701	-0.011629	-0.011928	-0.013823	-0.019517	-0.021904	-0.021888
"2016-05-21 00:00"	0.000000	0.000000	-0.001904	-0.004367	-0.004475	-0.004512	-0.004536	-0.004898	-0.006852	-0.012801	-0.015211	-0.015242
"2016-05-22 00:00"	0.000000	0.000000	-0.003139	-0.008623	-0.009596	-0.009543	-0.009511	-0.009826	-0.011731	-0.017740	-0.020069	-0.020098
"2016-05-23 00:00"	0.000000	0.000000	-0.002894	-0.007917	-0.008740	-0.008780	-0.008734	-0.009041	-0.010939	-0.016696	-0.019031	-0.019029
"2016-05-24 00:00"	0.000000	0.000000	-0.003205	-0.008929	-0.010021	-0.009898	-0.009806	-0.010062	-0.011903	-0.017584	-0.019861	-0.019825
"2016-05-25 00:00"	0.000000	0.000000	-0.001528	-0.003430	-0.003558	-0.003585	-0.003608	-0.003955	-0.005895	-0.011614	-0.013939	-0.013977
"2016-05-26 00:00"	0.000000	0.000000	-0.002096	-0.004927	-0.004920	-0.004947	-0.004898	-0.005168	-0.007000	-0.012558	-0.014789	-0.014763
"2016-05-27 00:00"	0.000000	0.000000	-0.003453	-0.009696	-0.010800	-0.010767	-0.010727	-0.011023	-0.012871	-0.018384	-0.020607	-0.020601
"2016-05-28 00:00"	0.000000	0.000000	-0.003158	-0.008758	-0.009886	-0.009831	-0.009795	-0.010090	-0.011921	-0.017363	-0.019563	-0.019568
"2016-05-29 00:00"	0.000000	0.000000	-0.001709	-0.003769	-0.003828	-0.003864	-0.003869	-0.004191	-0.006018	-0.011403	-0.013586	-0.013614
"2016-05-30 00:00"	0.000000	0.000000	-0.002609	-0.006701	-0.007073	-0.007119	-0.007039	-0.007290	-0.008994	-0.014236	-0.016320	-0.016284
"2016-05-31 00:00"	0.000000	0.000000	-0.002996	-0.008098	-0.008987	-0.009009	-0.008984	-0.009282	-0.011034	-0.016338	-0.018446	-0.018469
"2016-06-01 00:00"	0.000000	0.000000	-0.003136	-0.008557	-0.009573	-0.009483	-0.009417	-0.009669	-0.011337	-0.016566	-0.018596	-0.018576
"2016-06-02 00:00"	0.000000	0.000000	-0.003462	-0.009706	-0.010987	-0.010915	-0.010868	-0.011137	-0.012795	-0.018013	-0.020025	-0.020024
"2016-06-03 00:00"	0.000000	0.000000	-0.001696	-0.003884	-0.003996	-0.004019	-0.004040	-0.004355	-0.006027	-0.011256	-0.013265	-0.013301
"2016-06-04 00:00"	0.000000	0.000000	-0.001823	-0.004251	-0.004299	-0.004278	-0.004265	-0.004540	-0.006144	-0.011835	-0.013769	-0.013775
"2016-06-05 00:00"	0.000000	0.000000	-0.002200	-0.005353	-0.005418	-0.005381	-0.005356	-0.005620	-0.007205	-0.012605	-0.014486	-0.014488
"2016-06-06 00:00"	0.000000	0.000000	-0.003431	-0.009508	-0.010796	-0.010685	-0.010602	-0.010832	-0.012392	-0.017829	-0.019687	-0.019665
"2016-06-07 00:00"	0.000000	0.000000	-0.002296	-0.005542	-0.005886	-0.005912	-0.005889	-0.006166	-0.007771	-0.015242	-0.017120	-0.017135
"2016-06-08 00:00"	0.000000	0.000000	-0.002731	-0.007171	-0.007935	-0.007868	-0.007818	-0.008074	-0.009673	-0.015285	-0.017120	-0.017115
"2016-06-09 00:00"	0.000000	0.000000	-0.002550	-0.006478	-0.007034	-0.006968	-0.006934	-0.007208	-0.008846	-0.015679	-0.017509	-0.017514
"2016-06-10 00:00"	0.000000	0.000000	-0.003125	-0.008610	-0.009642	-0.009561	-0.009504	-0.009758	-0.011415	-0.017119	-0.018916	-0.018905
"2016-06-11 00:00"	0.000000	0.000000	-0.002604	-0.006926	-0.007563	-0.007536	-0.007521	-0.007818	-0.009561	-0.015561	-0.017374	-0.017405
"2016-06-12 00:00"	0.000000	0.000000	-0.001895	-0.004488	-0.004456	-0.004663	-0.004631	-0.004912	-0.006665	-0.012429	-0.014210	-0.014211
"2016-06-13 00:00"	0.000000	0.000000	-0.001503	-0.003205	-0.003262	-0.003243	-0.003231	-0.003518	-0.005299	-0.011064	-0.012834	-0.012835
"2016-06-14 00:00"	0.000000	0.000000	-0.001439	-0.003086	-0.003139	-0.003120	-0.003108	-0.003399	-0.005204	-0.010969	-0.012727	-0.012727
"2016-06-15 00:00"	0.000000	0.000000	-0.001617	-0.003173	-0.003218	-0.003192	-0.003170	-0.003454	-0.005280	-0.011767	-0.013460	-0.013406
