"2015-06-16 00:00"	0.000000	0.003416	0.008475	0.011157	0.007295	0.005629	0.006406	0.011968	0.017620	0.024865	0.027425	0.029967
"2015-06-17 00:00"	0.000000	0.003335	0.008926	0.011892	0.008326	0.006604	0.008472	0.016036	0.024378	0.033951	0.036994	0.041777
"2015-06-18 00:00"	0.000000	0.003145	0.008098	0.010776	0.007576	0.006060	0.007647	0.015214	0.023730	0.033083	0.038465	0.043216
"2015-06-19 00:00"	0.000000	0.002738	0.006841	0.009092	0.006337	0.005157	0.005978	0.011982	0.018664	0.025846	0.033683	0.036440
"2015-06-20 00:00"	0.000000	0.002586	0.006944	0.009231	0.006438	0.005285	0.005972	0.012193	0.018961	0.027080	0.034679	0.037503
"2015-06-21 00:00"	0.000000	0.002603	0.006685	0.008875	0.006171	0.005117	0.005540	0.012641	0.019372	0.031674	0.038669	0.042013
"2015-06-22 00:00"	0.000000	0.002926	0.007768	0.010276	0.007151	0.005900	0.006513	0.011883	0.021953	0.034039	0.039940	0.044634
"2015-06-23 00:00"	0.000000	0.003286	0.009047	0.011921	0.008265	0.006827	0.007411	0.012213	0.021528	0.032309	0.038247	0.042441
"2015-06-24 00:00"	0.000000	0.002552	0.006294	0.008375	0.005849	0.004847	0.005343	0.010718	0.020204	0.030888	0.036983	0.041229
"2015-06-25 00:00"	0.000000	0.002367	0.006481	0.008589	0.005953	0.004979	0.005181	0.011479	0.021416	0.032453	0.038606	0.043030
"2015-06-26 00:00"	0.000000	0.002956	0.008281	0.011305	0.007806	0.006694	0.006329	0.014794	0.025281	0.036958	0.043119	0.047766
"2015-06-27 00:00"	0.000000	0.002808	0.007834	0.010663	0.007358	0.006201	0.006195	0.012665	0.021956	0.031848	0.037905	0.041949
"2015-06-28 00:00"	0.000000	0.003077	0.008618	0.011961	0.008314	0.007004	0.007197	0.012456	0.021010	0.029814	0.035862	0.039457
"2015-06-29 00:00"	0.000000	0.003185	0.008834	0.012221	0.008430	0.007109	0.007083	0.012919	0.022027	0.031341	0.037353	0.041182
"2015-06-30 00:00"	0.000000	0.003125	0.008793	0.012185	0.008450	0.007139	0.007206	0.012509	0.021259	0.029964	0.035912	0.039513
"2015-07-01 00:00"	0.000000	0.003530	0.009962	0.014024	0.009705	0.008169	0.008293	0.013210	0.021475	0.029576	0.035475	0.038732
"2015-07-02 00:00"	0.000000	0.003375	0.009481	0.013233	0.009165	0.007725	0.007826	0.012632	0.020893	0.028864	0.034783	0.038040
"2015-07-03 00:00"	0.000000	0.003468	0.009743	0.013655	0.009457	0.007973	0.008066	0.012773	0.021066	0.028973	0.034843	0.038107
"2015-07-04 00:00"	0.000000	0.003636	0.010391	0.014626	0.010123	0.008527	0.008642	0.013233	0.021045	0.028687	0.034581	0.037566
"2015-07-05 00:00"	0.000000	0.002538	0.006298	0.008461	0.005887	0.005012	0.004986	0.010203	0.018967	0.027058	0.032821	0.036445
"2015-07-06 00:00"	0.000000	0.002851	0.008016	0.010632	0.007346	0.006268	0.006036	0.011909	0.021029	0.030604	0.034011	0.038139
"2015-07-07 00:00"	0.000000	0.002812	0.007572	0.010043	0.006952	0.005875	0.005882	0.010468	0.018442	0.026780	0.029735	0.033414
"2015-07-08 00:00"	0.000000	0.003048	0.008240	0.011161	0.007701	0.006501	0.006462	0.011000	0.019086	0.027433	0.030231	0.034058
"2015-07-09 00:00"	0.000000	0.002735	0.007228	0.009693	0.006728	0.005716	0.005678	0.010319	0.018271	0.026756	0.029357	0.033220
"2015-07-10 00:00"	0.000000	0.003287	0.009091	0.012547	0.008660	0.007296	0.007306	0.011426	0.018728	0.026926	0.029187	0.032805
"2015-07-11 00:00"	0.000000	0.003050	0.008119	0.011097	0.007684	0.006611	0.006237	0.012230	0.021243	0.031352	0.033967	0.038458
"2015-07-12 00:00"	0.000000	0.002792	0.007444	0.009898	0.006841	0.005809	0.005697	0.010239	0.017871	0.026617	0.028705	0.032675
"2015-07-13 00:00"	0.000000	0.002505	0.006171	0.008220	0.005688	0.004817	0.004779	0.008858	0.017021	0.026067	0.028154	0.032442
"2015-07-14 00:00"	0.000000	0.003404	0.009608	0.013150	0.009086	0.007652	0.007698	0.011450	0.018146	0.026399	0.027939	0.031512
"2015-07-15 00:00"	0.000000	0.003459	0.009406	0.013174	0.009128	0.007696	0.007807	0.011298	0.018024	0.026060	0.027503	0.031131
"2015-07-16 00:00"	0.000000	0.002920	0.007736	0.010439	0.007234	0.006099	0.006182	0.009506	0.016555	0.024613	0.026049	0.029922
"2015-07-17 00:00"	0.000000	0.002667	0.006889	0.009183	0.006378	0.005367	0.005515	0.008428	0.016850	0.025299	0.027016	0.031519
"2015-07-18 00:00"	0.000000	0.003237	0.008875	0.012137	0.008405	0.007065	0.007219	0.010218	0.016728	0.024420	0.025567	0.029115
"2015-07-19 00:00"	0.000000	0.002626	0.006711	0.008921	0.006190	0.005195	0.005360	0.007991	0.016238	0.024416	0.025829	0.030257
"2015-07-20 00:00"	0.000000	0.002828	0.007471	0.009894	0.006845	0.005741	0.005874	0.008568	0.015369	0.023013	0.024026	0.027794
"2015-07-21 00:00"	0.000000	0.003836	0.010851	0.015228	0.010540	0.008827	0.009112	0.011497	0.018331	0.025857	0.026947	0.030414
"2015-07-22 00:00"	0.000000	0.002861	0.007424	0.009957	0.006917	0.005820	0.005999	0.008517	0.015070	0.022656	0.023449	0.027102
"2015-07-23 00:00"	0.000000	0.002772	0.007155	0.009510	0.006614	0.005542	0.005793	0.007801	0.016230	0.024328	0.025523	0.029914
"2015-07-24 00:00"	0.000000	0.002919	0.007736	0.010249	0.007103	0.005951	0.006154	0.008362	0.015410	0.022979	0.023845	0.027525
"2015-07-25 00:00"	0.000000	0.002874	0.007486	0.010073	0.006979	0.005891	0.005941	0.008821	0.017088	0.025360	0.026770	0.030902
"2015-07-26 00:00"	0.000000	0.002802	0.007300	0.009725	0.006741	0.005661	0.005816	0.008176	0.014558	0.022045	0.022890	0.026065
"2015-07-27 00:00"	0.000000	0.003411	0.009184	0.012739	0.008796	0.007361	0.007549	0.009815	0.015779	0.023061	0.023854	0.026665
"2015-07-28 00:00"	0.000000	0.002581	0.006444	0.008681	0.006051	0.005103	0.005272	0.007559	0.014207	0.021713	0.022519	0.025665
"2015-07-29 00:00"	0.000000	0.002419	0.005825	0.007752	0.005372	0.004508	0.004639	0.006878	0.013724	0.021243	0.022039	0.025199
"2015-07-30 00:00"	0.000000	0.002339	0.005632	0.007490	0.005191	0.004354	0.004487	0.006687	0.013534	0.020918	0.021739	0.024811
"2015-07-31 00:00"	0.000000	0.002240	0.005676	0.007533	0.005214	0.004366	0.004501	0.006631	0.013430	0.020643	0.021491	0.024457
"2015-08-01 00:00"	0.000000	0.002577	0.006569	0.008702	0.006039	0.005065	0.005246	0.007239	0.013870	0.020860	0.021717	0.024531
"2015-08-02 00:00"	0.000000	0.002599	0.006951	0.009190	0.006370	0.005333	0.005523	0.007414	0.013974	0.020796	0.021677	0.024386
"2015-08-03 00:00"	0.000000	0.002228	0.006180	0.008177	0.005670	0.004750	0.004928	0.006814	0.013408	0.020170	0.021084	0.023744
"2015-08-04 00:00"	0.000000	0.002236	0.006494	0.008586	0.005953	0.004984	0.005174	0.006983	0.013458	0.020084	0.021026	0.023563
"2015-08-05 00:00"	0.000000	0.002313	0.006595	0.008719	0.006047	0.005062	0.005260	0.007036	0.013445	0.019960	0.020939	0.023370
"2015-08-06 00:00"	0.000000	0.002217	0.005563	0.007369	0.005108	0.004274	0.004443	0.006227	0.012697	0.019199	0.020186	0.022591
"2015-08-07 00:00"	0.000000	0.002113	0.005694	0.007561	0.005243	0.004387	0.004564	0.006284	0.012663	0.019053	0.020088	0.022393
"2015-08-08 00:00"	0.000000	0.002421	0.007000	0.009727	0.006730	0.005622	0.005838	0.007451	0.013514	0.019698	0.020727	0.022814
"2015-08-09 00:00"	0.000000	0.002713	0.006867	0.009625	0.006675	0.005584	0.005816	0.007377	0.013421	0.019514	0.020559	0.022596
"2015-08-10 00:00"	0.000000	0.002929	0.007494	0.010526	0.007299	0.006106	0.006363	0.007869	0.013830	0.019786	0.020836	0.022772
"2015-08-11 00:00"	0.000000	0.002949	0.007702	0.010771	0.007470	0.006249	0.006513	0.007991	0.013845	0.019709	0.020779	0.022611
"2015-08-12 00:00"	0.000000	0.002218	0.005494	0.007328	0.005097	0.004272	0.004475	0.005979	0.012074	0.018035	0.019191	0.021124
"2015-08-13 00:00"	0.000000	0.002172	0.005335	0.007103	0.004928	0.004121	0.004311	0.005767	0.011845	0.017734	0.018909	0.020793
"2015-08-14 00:00"	0.000000	0.002668	0.006388	0.008475	0.005880	0.004914	0.005139	0.006507	0.012461	0.018181	0.019377	0.021160
"2015-08-15 00:00"	0.000000	0.002210	0.005232	0.006957	0.004824	0.004028	0.004223	0.005591	0.011631	0.017364	0.018586	0.020383
"2015-08-16 00:00"	0.000000	0.002627	0.006090	0.008072	0.005592	0.004666	0.004883	0.006157	0.012027	0.017622	0.018839	0.020533
"2015-08-17 00:00"	0.000000	0.002230	0.005201	0.006918	0.004803	0.004014	0.004221	0.005509	0.011459	0.017047	0.018295	0.019989
"2015-08-18 00:00"	0.000000	0.002278	0.005165	0.006863	0.004759	0.003971	0.004174	0.005423	0.011321	0.016858	0.018058	0.019717
"2015-08-19 00:00"	0.000000	0.003287	0.007874	0.010552	0.007301	0.006086	0.006358	0.007534	0.013052	0.018367	0.019398	0.020875
"2015-08-20 00:00"	0.000000	0.002686	0.006103	0.008323	0.005791	0.004847	0.005107	0.006268	0.011878	0.017251	0.018245	0.019791
"2015-08-21 00:00"	0.000000	0.002833	0.006590	0.009000	0.006225	0.005183	0.005432	0.006529	0.012100	0.017395	0.018274	0.019796
"2015-08-22 00:00"	0.000000	0.002765	0.006475	0.008804	0.006129	0.005131	0.005412	0.006501	0.011994	0.017253	0.018067	0.019602
"2015-08-23 00:00"	0.000000	0.003257	0.008072	0.011286	0.007820	0.006525	0.006838	0.007908	0.013240	0.018352	0.019049	0.020471
"2015-08-24 00:00"	0.000000	0.002801	0.006661	0.008938	0.006202	0.005176	0.005454	0.006467	0.011883	0.017043	0.017711	0.019254
"2015-08-25 00:00"	0.000000	0.002352	0.005231	0.006979	0.004853	0.004049	0.004297	0.005306	0.010939	0.016149	0.016780	0.018424
"2015-08-26 00:00"	0.000000	0.002322	0.005138	0.006844	0.004749	0.003953	0.004194	0.005170	0.010798	0.015962	0.016541	0.018175
"2015-08-27 00:00"	0.000000	0.002610	0.005547	0.007368	0.005109	0.004250	0.004504	0.005431	0.011018	0.016096	0.016613	0.018230
"2015-08-28 00:00"	0.000000	0.002850	0.006614	0.008764	0.006087	0.005076	0.005374	0.006263	0.011714	0.016663	0.017123	0.018676
"2015-08-29 00:00"	0.000000	0.002623	0.005570	0.007389	0.005127	0.004264	0.004531	0.005389	0.011003	0.015963	0.016389	0.018020
"2015-08-30 00:00"	0.000000	0.002621	0.005453	0.007233	0.005019	0.004174	0.004445	0.005285	0.010915	0.015825	0.016218	0.017851
"2015-08-31 00:00"	0.000000	0.002714	0.005784	0.007660	0.005312	0.004416	0.004697	0.005499	0.011095	0.015922	0.016272	0.017888
"2015-09-01 00:00"	0.000000	0.002655	0.005517	0.007317	0.005087	0.004233	0.004527	0.005307	0.011038	0.015816	0.016124	0.017803
"2015-09-02 00:00"	0.000000	0.002813	0.006081	0.008081	0.005615	0.004656	0.005019	0.005543	0.012551	0.017162	0.017205	0.019602
"2015-09-03 00:00"	0.000000	0.003393	0.008048	0.011227	0.007770	0.006459	0.006823	0.007548	0.013184	0.017675	0.017850	0.019471
"2015-09-04 00:00"	0.000000	0.002900	0.006387	0.008833	0.006158	0.005144	0.005484	0.006287	0.011905	0.016462	0.016681	0.018289
"2015-09-05 00:00"	0.000000	0.002621	0.005341	0.007097	0.004928	0.004090	0.004392	0.005102	0.011272	0.015828	0.015964	0.017894
"2015-09-06 00:00"	0.000000	0.002908	0.006191	0.008285	0.005720	0.004737	0.005021	0.005784	0.011398	0.015873	0.016039	0.017663
"2015-09-07 00:00"	0.000000	0.003292	0.007832	0.010999	0.007669	0.006414	0.006818	0.007633	0.013275	0.017594	0.017712	0.019318
"2015-09-08 00:00"	0.000000	0.003658	0.008978	0.012656	0.008757	0.007268	0.007712	0.008248	0.015024	0.019179	0.019033	0.021279
"2015-09-09 00:00"	0.000000	0.003417	0.008514	0.011925	0.008280	0.006906	0.007302	0.008118	0.013420	0.017606	0.017712	0.019143
"2015-09-10 00:00"	0.000000	0.003111	0.007283	0.009967	0.006923	0.005765	0.006129	0.006925	0.012471	0.016678	0.016770	0.018342
"2015-09-11 00:00"	0.000000	0.002947	0.007080	0.009643	0.006726	0.005618	0.006004	0.006829	0.012417	0.016592	0.016684	0.018263
"2015-09-12 00:00"	0.000000	0.002499	0.005309	0.007074	0.004913	0.004073	0.004399	0.005136	0.010967	0.015157	0.015228	0.016975
"2015-09-13 00:00"	0.000000	0.002458	0.005248	0.007005	0.004867	0.004031	0.004365	0.005082	0.010845	0.014973	0.015042	0.016747
"2015-09-14 00:00"	0.000000	0.003584	0.009008	0.012154	0.008421	0.006998	0.007427	0.008155	0.013559	0.017458	0.017474	0.018918
"2015-09-15 00:00"	0.000000	0.003515	0.008842	0.012461	0.008657	0.007210	0.007677	0.008393	0.013772	0.017600	0.017615	0.019040
"2015-09-16 00:00"	0.000000	0.003868	0.009907	0.014074	0.009760	0.008123	0.008624	0.009333	0.014677	0.018410	0.018395	0.019742
"2015-09-17 00:00"	0.000000	0.003731	0.009622	0.013558	0.009409	0.007822	0.008347	0.008826	0.014594	0.018212	0.018100	0.019810
"2015-09-18 00:00"	0.000000	0.003806	0.009875	0.014022	0.009737	0.008105	0.008633	0.009214	0.014489	0.018051	0.018013	0.019380
"2015-09-19 00:00"	0.000000	0.003898	0.010289	0.014519	0.010086	0.008385	0.008981	0.009261	0.015523	0.018966	0.018720	0.020741
"2015-09-20 00:00"	0.000000	0.003795	0.009997	0.014065	0.009775	0.008135	0.008685	0.009155	0.014368	0.017770	0.017705	0.019083
"2015-09-21 00:00"	0.000000	0.003799	0.010103	0.014198	0.009859	0.008200	0.008759	0.009195	0.014423	0.017757	0.017678	0.019057
"2015-09-22 00:00"	0.000000	0.002737	0.006353	0.008548	0.005984	0.004957	0.005505	0.005618	0.012148	0.015535	0.015336	0.017538
"2015-09-23 00:00"	0.000000	0.003605	0.009405	0.012869	0.008911	0.007375	0.007912	0.008205	0.013578	0.016804	0.016688	0.018155
"2015-09-24 00:00"	0.000000	0.003246	0.008033	0.010887	0.007609	0.006298	0.006975	0.006705	0.014792	0.018000	0.017468	0.020618
"2015-09-25 00:00"	0.000000	0.003544	0.009082	0.012618	0.008741	0.007234	0.007790	0.008024	0.013514	0.016631	0.016485	0.018040
"2015-09-26 00:00"	0.000000	0.003536	0.009135	0.012717	0.008873	0.007373	0.008015	0.008101	0.014687	0.017740	0.017536	0.019270
"2015-09-27 00:00"	0.000000	0.003790	0.009925	0.013844	0.009593	0.007930	0.008573	0.008535	0.015452	0.018386	0.018221	0.019529
"2015-09-28 00:00"	0.000000	0.003673	0.009635	0.013494	0.009376	0.007784	0.008373	0.008676	0.014020	0.016980	0.016852	0.018202
"2015-09-29 00:00"	0.000000	0.003587	0.009344	0.013060	0.009093	0.007550	0.008161	0.008397	0.014168	0.017077	0.016968	0.018218
"2015-09-30 00:00"	0.000000	0.003988	0.010630	0.015055	0.010444	0.008672	0.009297	0.009685	0.015057	0.017948	0.017848	0.018956
"2015-10-01 00:00"	0.000000	0.003761	0.009984	0.014039	0.009754	0.008099	0.008714	0.009064	0.014433	0.017272	0.017193	0.018267
"2015-10-02 00:00"	0.000000	0.003616	0.009433	0.013078	0.009095	0.007548	0.008156	0.008429	0.013887	0.016662	0.016592	0.017622
"2015-10-03 00:00"	0.000000	0.003097	0.007568	0.010171	0.007073	0.005840	0.006405	0.006601	0.012195	0.014957	0.014906	0.016018
"2015-10-04 00:00"	0.000000	0.003175	0.007929	0.010747	0.007515	0.006243	0.006841	0.007103	0.012535	0.015255	0.015235	0.016262
"2015-10-05 00:00"	0.000000	0.002804	0.006483	0.008623	0.006003	0.004943	0.005489	0.005678	0.011205	0.013899	0.013875	0.014953
"2015-10-06 00:00"	0.000000	0.003344	0.008384	0.011270	0.007806	0.006438	0.006996	0.007272	0.012585	0.015204	0.015158	0.016059
"2015-10-07 00:00"	0.000000	0.002712	0.006115	0.008190	0.005711	0.004707	0.005246	0.005525	0.011012	0.013649	0.013645	0.014666
"2015-10-08 00:00"	0.000000	0.003299	0.008161	0.011036	0.007673	0.006350	0.006904	0.007280	0.012443	0.014995	0.014963	0.015800
"2015-10-09 00:00"	0.000000	0.003565	0.009005	0.012670	0.008807	0.007308	0.007880	0.008374	0.013401	0.015923	0.015893	0.016625
"2015-10-10 00:00"	0.000000	0.003746	0.009601	0.013567	0.009413	0.007812	0.008378	0.008935	0.013829	0.016313	0.016280	0.016946
"2015-10-11 00:00"	0.000000	0.003264	0.008069	0.011142	0.007783	0.006480	0.007036	0.007626	0.012564	0.015049	0.015056	0.015810
"2015-10-12 00:00"	0.000000	0.003527	0.008915	0.012432	0.008603	0.007120	0.007632	0.008217	0.012991	0.015402	0.015365	0.016024
"2015-10-13 00:00"	0.000000	0.003638	0.009397	0.013202	0.009170	0.007623	0.008159	0.008827	0.013489	0.015871	0.015848	0.016449
"2015-10-14 00:00"	0.000000	0.003266	0.008142	0.011141	0.007734	0.006414	0.006902	0.007543	0.012223	0.014571	0.014554	0.015224
"2015-10-15 00:00"	0.000000	0.003927	0.010483	0.014928	0.010366	0.008691	0.009040	0.010746	0.015434	0.017746	0.017713	0.018113
"2015-10-16 00:00"	0.000000	0.003596	0.009267	0.013042	0.009082	0.007653	0.007908	0.009927	0.016011	0.018343	0.018325	0.018697
"2015-10-17 00:00"	0.000000	0.002734	0.006278	0.008358	0.005808	0.004818	0.005191	0.006182	0.011451	0.013741	0.013726	0.014409
"2015-10-18 00:00"	0.000000	0.003055	0.007397	0.009836	0.006798	0.005623	0.006009	0.006969	0.011948	0.014215	0.014177	0.014802
"2015-10-19 00:00"	0.000000	0.002605	0.005867	0.007848	0.005489	0.004574	0.004970	0.006062	0.011203	0.013495	0.013499	0.014202
"2015-10-20 00:00"	0.000000	0.003626	0.009067	0.012481	0.008636	0.007171	0.007593	0.008704	0.013596	0.015831	0.015778	0.016254
"2015-10-21 00:00"	0.000000	0.003577	0.008988	0.012708	0.008826	0.007358	0.007808	0.008984	0.013840	0.016076	0.016049	0.016513
"2015-10-22 00:00"	0.000000	0.004184	0.011062	0.015841	0.010995	0.009177	0.009681	0.010929	0.015677	0.017908	0.017859	0.018174
"2015-10-23 00:00"	0.000000	0.003040	0.007257	0.009911	0.006915	0.005772	0.006188	0.007449	0.012398	0.014610	0.014602	0.015157
"2015-10-24 00:00"	0.000000	0.003498	0.008837	0.012274	0.008488	0.007047	0.007458	0.008703	0.013485	0.015647	0.015593	0.016022
"2015-10-25 00:00"	0.000000	0.003871	0.010115	0.014356	0.009970	0.008320	0.008794	0.010069	0.014697	0.016852	0.016809	0.017146
"2015-10-26 00:00"	0.000000	0.003410	0.008632	0.011908	0.008268	0.006886	0.007309	0.008567	0.013227	0.015348	0.015311	0.015736
"2015-10-27 00:00"	0.000000	0.004085	0.010904	0.015527	0.010775	0.008990	0.009487	0.010835	0.015391	0.017519	0.017463	0.017722
"2015-10-28 00:00"	0.000000	0.003582	0.009313	0.013041	0.009064	0.007563	0.008016	0.009319	0.013839	0.015920	0.015885	0.016238
"2015-10-29 00:00"	0.000000	0.003613	0.009382	0.013171	0.009145	0.007624	0.008077	0.009404	0.013898	0.015954	0.015907	0.016233
"2015-10-30 00:00"	0.000000	0.003814	0.010077	0.014206	0.009863	0.008226	0.008692	0.010011	0.014402	0.016428	0.016375	0.016645
"2015-10-31 00:00"	0.000000	0.004023	0.010836	0.015388	0.010677	0.008907	0.009401	0.010788	0.015186	0.017215	0.017157	0.017367
"2015-11-01 00:00"	0.000000	0.003342	0.008552	0.011822	0.008245	0.006892	0.007346	0.008722	0.013161	0.015149	0.015123	0.015469
"2015-11-02 00:00"	0.000000	0.003372	0.008616	0.011825	0.008209	0.006836	0.007254	0.008564	0.012889	0.014804	0.014747	0.015060
"2015-11-03 00:00"	0.000000	0.003446	0.008808	0.012221	0.008487	0.007072	0.007503	0.008832	0.013122	0.015015	0.014963	0.015250
"2015-11-04 00:00"	0.000000	0.003822	0.010101	0.014237	0.009853	0.008198	0.008646	0.009991	0.014216	0.016086	0.016008	0.016194
"2015-11-05 00:00"	0.000000	0.003697	0.009686	0.013579	0.009433	0.007873	0.008324	0.009629	0.013766	0.015592	0.015531	0.015730
"2015-11-06 00:00"	0.000000	0.003337	0.008465	0.011638	0.008111	0.006778	0.007209	0.008507	0.012672	0.014456	0.014410	0.014674
"2015-11-07 00:00"	0.000000	0.003290	0.008276	0.011288	0.007829	0.006514	0.006913	0.008209	0.012403	0.014141	0.014071	0.014322
"2015-11-08 00:00"	0.000000	0.003655	0.009448	0.013101	0.009087	0.007572	0.007990	0.009214	0.013254	0.014948	0.014868	0.015029
"2015-11-09 00:00"	0.000000	0.002627	0.005986	0.008014	0.005590	0.004657	0.005021	0.006334	0.010784	0.012456	0.012406	0.012750
"2015-11-10 00:00"	0.000000	0.003696	0.009593	0.013061	0.009069	0.007564	0.007993	0.009265	0.013566	0.015237	0.015157	0.015282
"2015-11-11 00:00"	0.000000	0.003338	0.008304	0.011429	0.007907	0.006559	0.006967	0.008102	0.013273	0.014896	0.014799	0.014915
"2015-11-12 00:00"	0.000000	0.003356	0.008404	0.011639	0.008092	0.006751	0.007159	0.008447	0.013011	0.014629	0.014549	0.014688
"2015-11-13 00:00"	0.000000	0.003129	0.007648	0.010405	0.007218	0.006002	0.006385	0.007639	0.012633	0.014220	0.014135	0.014282
"2015-11-14 00:00"	0.000000	0.003752	0.009774	0.013788	0.009570	0.007984	0.008423	0.009760	0.014461	0.016076	0.015981	0.016002
"2015-11-15 00:00"	0.000000	0.003714	0.009650	0.013568	0.009414	0.007854	0.008284	0.009628	0.014369	0.015964	0.015868	0.015883
"2015-11-16 00:00"	0.000000	0.003693	0.009615	0.013514	0.009389	0.007832	0.008289	0.009522	0.014898	0.016485	0.016390	0.016359
"2015-11-17 00:00"	0.000000	0.003799	0.009959	0.014040	0.009744	0.008133	0.008570	0.009922	0.014739	0.016308	0.016207	0.016174
"2015-11-18 00:00"	0.000000	0.002848	0.006736	0.009030	0.006310	0.005263	0.005678	0.006822	0.013116	0.014636	0.014559	0.014627
"2015-11-19 00:00"	0.000000	0.003858	0.010189	0.014225	0.009838	0.008190	0.008600	0.010002	0.014994	0.016531	0.016404	0.016321
"2015-11-20 00:00"	0.000000	0.004101	0.010946	0.015600	0.010830	0.009050	0.009505	0.010952	0.015851	0.017417	0.017308	0.017180
"2015-11-21 00:00"	0.000000	0.003908	0.010365	0.014679	0.010188	0.008511	0.008941	0.010407	0.015325	0.016863	0.016754	0.016645
"2015-11-22 00:00"	0.000000	0.003819	0.010060	0.014214	0.009861	0.008236	0.008651	0.010121	0.015025	0.016541	0.016432	0.016330
"2015-11-23 00:00"	0.000000	0.003378	0.008564	0.011834	0.008251	0.006914	0.007302	0.008729	0.013622	0.015089	0.015001	0.014977
"2015-11-24 00:00"	0.000000	0.002829	0.006618	0.008791	0.006072	0.005037	0.005312	0.006735	0.011773	0.013144	0.013021	0.013065
"2015-11-25 00:00"	0.000000	0.003584	0.009256	0.012733	0.008871	0.007431	0.007835	0.009250	0.014079	0.015533	0.015437	0.015359
"2015-11-26 00:00"	0.000000	0.003590	0.009177	0.012824	0.008868	0.007383	0.007741	0.009110	0.013946	0.015353	0.015219	0.015106
"2015-11-27 00:00"	0.000000	0.003792	0.009869	0.013943	0.009679	0.008087	0.008493	0.009823	0.014577	0.016002	0.015885	0.015735
"2015-11-28 00:00"	0.000000	0.004176	0.011260	0.016073	0.011149	0.009315	0.009767	0.011119	0.015874	0.017336	0.017208	0.016973
"2015-11-29 00:00"	0.000000	0.002979	0.007192	0.009641	0.006731	0.005636	0.005988	0.007234	0.012162	0.013508	0.013417	0.013398
"2015-11-30 00:00"	0.000000	0.003841	0.010088	0.014144	0.009783	0.008147	0.008543	0.009745	0.014507	0.015876	0.015732	0.015527
"2015-12-01 00:00"	0.000000	0.003201	0.007890	0.010808	0.007497	0.006249	0.006606	0.007757	0.012673	0.013991	0.013868	0.013769
"2015-12-02 00:00"	0.000000	0.002988	0.007148	0.009543	0.006645	0.005540	0.005920	0.006881	0.012483	0.013779	0.013653	0.013548
"2015-12-03 00:00"	0.000000	0.003545	0.009011	0.012464	0.008668	0.007219	0.007702	0.008418	0.014855	0.016232	0.016124	0.015886
"2015-12-04 00:00"	0.000000	0.003946	0.010448	0.014809	0.010258	0.008552	0.008992	0.010097	0.015039	0.016415	0.016273	0.016000
"2015-12-05 00:00"	0.000000	0.003988	0.010609	0.015063	0.010455	0.008731	0.009192	0.010301	0.015242	0.016635	0.016503	0.016219
"2015-12-06 00:00"	0.000000	0.003519	0.009000	0.012548	0.008722	0.007283	0.007697	0.008705	0.013613	0.014943	0.014824	0.014616
"2015-12-07 00:00"	0.000000	0.004224	0.011435	0.016269	0.011279	0.009413	0.009892	0.010959	0.015753	0.017151	0.017007	0.016662
"2015-12-08 00:00"	0.000000	0.003723	0.009762	0.013720	0.009525	0.007949	0.008390	0.009398	0.014199	0.015548	0.015420	0.015156
"2015-12-09 00:00"	0.000000	0.003387	0.008667	0.012013	0.008376	0.007006	0.007443	0.008424	0.013241	0.014572	0.014460	0.014249
"2015-12-10 00:00"	0.000000	0.003370	0.008521	0.011718	0.008107	0.006734	0.007120	0.008004	0.012758	0.014032	0.013879	0.013644
"2015-12-11 00:00"	0.000000	0.003669	0.009531	0.013316	0.009256	0.007726	0.008178	0.009064	0.013669	0.014992	0.014866	0.014592
"2015-12-12 00:00"	0.000000	0.003441	0.008782	0.012177	0.008451	0.007038	0.007464	0.008312	0.012984	0.014280	0.014147	0.013890
"2015-12-13 00:00"	0.000000	0.003487	0.008953	0.012439	0.008650	0.007215	0.007663	0.008497	0.013143	0.014450	0.014324	0.014051
"2015-12-14 00:00"	0.000000	0.003671	0.009655	0.013546	0.009421	0.007865	0.008348	0.009221	0.013899	0.015252	0.015139	0.014832
"2015-12-15 00:00"	0.000000	0.003897	0.010302	0.014440	0.009996	0.008314	0.008775	0.009531	0.014012	0.015322	0.015178	0.014817
"2015-12-16 00:00"	0.000000	0.003292	0.008301	0.011340	0.007881	0.006560	0.006995	0.007700	0.012358	0.013641	0.013524	0.013256
"2015-12-17 00:00"	0.000000	0.003472	0.008889	0.012329	0.008569	0.007139	0.007598	0.008307	0.012963	0.014274	0.014162	0.013854
"2015-12-18 00:00"	0.000000	0.003545	0.009140	0.012703	0.008814	0.007334	0.007796	0.008490	0.013189	0.014510	0.014390	0.014054
"2015-12-19 00:00"	0.000000	0.003071	0.007540	0.010170	0.007070	0.005876	0.006305	0.006939	0.011811	0.013105	0.012997	0.012724
"2015-12-20 00:00"	0.000000	0.003464	0.008840	0.012269	0.008522	0.007092	0.007558	0.008215	0.012998	0.014332	0.014220	0.013876
"2015-12-21 00:00"	0.000000	0.003436	0.008751	0.012133	0.008426	0.007010	0.007480	0.008128	0.012935	0.014279	0.014173	0.013825
"2015-12-22 00:00"	0.000000	0.003768	0.009859	0.013881	0.009640	0.008029	0.008531	0.009204	0.013919	0.015298	0.015189	0.014783
"2015-12-23 00:00"	0.000000	0.003762	0.009890	0.013890	0.009679	0.008086	0.008620	0.009324	0.014041	0.015456	0.015372	0.014972
"2015-12-24 00:00"	0.000000	0.002654	0.006059	0.008079	0.005618	0.004648	0.005063	0.005590	0.010585	0.011890	0.011796	0.011531
"2015-12-25 00:00"	0.000000	0.002785	0.006344	0.008423	0.005826	0.004800	0.005204	0.005694	0.010625	0.011923	0.011812	0.011516
"2015-12-26 00:00"	0.000000	0.003342	0.008370	0.011207	0.007817	0.006516	0.007012	0.007620	0.012378	0.013764	0.013688	0.013336
"2015-12-27 00:00"	0.000000	0.002645	0.005816	0.007739	0.005381	0.004445	0.004868	0.005366	0.010314	0.011642	0.011555	0.011272
"2015-12-28 00:00"	0.000000	0.003202	0.007498	0.010121	0.006990	0.005767	0.006202	0.006709	0.011499	0.012842	0.012726	0.012351
"2015-12-29 00:00"	0.000000	0.003727	0.009309	0.013187	0.009169	0.007634	0.008158	0.008796	0.013442	0.014878	0.014790	0.014350
"2015-12-30 00:00"	0.000000	0.003244	0.007814	0.010874	0.007591	0.006327	0.006834	0.007444	0.012205	0.013638	0.013576	0.013204
"2015-12-31 00:00"	0.000000	0.003192	0.007494	0.010204	0.007091	0.005880	0.006352	0.006906	0.011675	0.013082	0.012999	0.012619
"2016-01-01 00:00"	0.000000	0.004111	0.010721	0.015178	0.010504	0.008723	0.009248	0.009877	0.014372	0.015832	0.015715	0.015180
"2016-01-02 00:00"	0.000000	0.004235	0.011370	0.016306	0.011319	0.009431	0.010009	0.010760	0.015365	0.016908	0.016816	0.016259
"2016-01-03 00:00"	0.000000	0.004059	0.010753	0.015313	0.010641	0.008869	0.009431	0.010139	0.014678	0.016202	0.016117	0.015586
"2016-01-04 00:00"	0.000000	0.004059	0.010839	0.015418	0.010705	0.008916	0.009478	0.010204	0.014770	0.016310	0.016221	0.015674
"2016-01-05 00:00"	0.000000	0.004439	0.012158	0.017398	0.012076	0.010068	0.010663	0.011430	0.015847	0.017420	0.017332	0.016734
"2016-01-06 00:00"	0.000000	0.003119	0.007656	0.010426	0.007283	0.006067	0.006575	0.007183	0.011797	0.013288	0.013241	0.012836
"2016-01-07 00:00"	0.000000	0.004188	0.011395	0.016105	0.011144	0.009256	0.009811	0.010512	0.014901	0.016437	0.016328	0.015731
"2016-01-08 00:00"	0.000000	0.004013	0.010750	0.015266	0.010610	0.008840	0.009414	0.010127	0.014470	0.016017	0.015943	0.015387
"2016-01-09 00:00"	0.000000	0.004097	0.011020	0.015629	0.010850	0.009036	0.009609	0.010304	0.014541	0.016079	0.016003	0.015434
"2016-01-10 00:00"	0.000000	0.004316	0.011792	0.016832	0.011682	0.009732	0.010326	0.011045	0.015217	0.016769	0.016686	0.016078
"2016-01-11 00:00"	0.000000	0.004405	0.012048	0.017316	0.012030	0.010036	0.010638	0.011348	0.015337	0.016874	0.016803	0.016192
"2016-01-12 00:00"	0.000000	0.004142	0.011259	0.015967	0.011082	0.009230	0.009802	0.010487	0.014513	0.016023	0.015948	0.015356
"2016-01-13 00:00"	0.000000	0.004045	0.010931	0.015457	0.010734	0.008941	0.009502	0.010183	0.014153	0.015643	0.015576	0.014996
"2016-01-14 00:00"	0.000000	0.003586	0.009391	0.013086	0.009126	0.007617	0.008161	0.008826	0.012836	0.014303	0.014267	0.013759
"2016-01-15 00:00"	0.000000	0.004069	0.011010	0.015512	0.010739	0.008924	0.009455	0.010137	0.014059	0.015511	0.015424	0.014811
"2016-01-16 00:00"	0.000000	0.003853	0.010223	0.014409	0.010009	0.008337	0.008870	0.009570	0.013496	0.014941	0.014882	0.014311
"2016-01-17 00:00"	0.000000	0.004280	0.011690	0.016653	0.011561	0.009640	0.010203	0.010975	0.014836	0.016303	0.016235	0.015598
"2016-01-18 00:00"	0.000000	0.003769	0.009913	0.013923	0.009668	0.008051	0.008559	0.009249	0.013094	0.014492	0.014436	0.013877
"2016-01-19 00:00"	0.000000	0.003861	0.010218	0.014395	0.009999	0.008335	0.008848	0.009565	0.013374	0.014766	0.014711	0.014142
"2016-01-20 00:00"	0.000000	0.003754	0.009860	0.013837	0.009639	0.008052	0.008569	0.009302	0.013108	0.014490	0.014454	0.013915
"2016-01-21 00:00"	0.000000	0.002790	0.006432	0.008554	0.005917	0.004884	0.005263	0.005789	0.009692	0.010923	0.010863	0.010422
"2016-01-22 00:00"	0.000000	0.003178	0.007589	0.010074	0.007007	0.005829	0.006251	0.006843	0.010645	0.011900	0.011865	0.011419
"2016-01-23 00:00"	0.000000	0.004080	0.010718	0.015006	0.010405	0.008668	0.009156	0.009864	0.013535	0.014835	0.014758	0.014162
"2016-01-24 00:00"	0.000000	0.004281	0.011415	0.016376	0.011365	0.009481	0.010010	0.010805	0.014604	0.015958	0.015891	0.015268
"2016-01-25 00:00"	0.000000	0.004344	0.011609	0.016654	0.011566	0.009655	0.010192	0.010995	0.014787	0.016137	0.016076	0.015453
"2016-01-26 00:00"	0.000000	0.003253	0.007900	0.010795	0.007525	0.006278	0.006723	0.007366	0.011275	0.012505	0.012476	0.012014
"2016-01-27 00:00"	0.000000	0.003588	0.009012	0.012499	0.008656	0.007190	0.007634	0.008282	0.012261	0.013485	0.013412	0.012867
"2016-01-28 00:00"	0.000000	0.003933	0.010334	0.014653	0.010185	0.008499	0.009013	0.009765	0.013816	0.015113	0.015059	0.014479
"2016-01-29 00:00"	0.000000	0.003899	0.010222	0.014463	0.010035	0.008360	0.008862	0.009594	0.013720	0.014998	0.014936	0.014353
"2016-01-30 00:00"	0.000000	0.003410	0.008517	0.011801	0.008210	0.006841	0.007309	0.007968	0.012157	0.013375	0.013335	0.012830
"2016-01-31 00:00"	0.000000	0.003871	0.010112	0.014274	0.009896	0.008236	0.008733	0.009445	0.013632	0.014875	0.014806	0.014218
"2016-02-01 00:00"	0.000000	0.004076	0.010712	0.015154	0.010531	0.008786	0.009305	0.010014	0.014086	0.015332	0.015275	0.014686
"2016-02-02 00:00"	0.000000	0.003675	0.009458	0.013249	0.009193	0.007650	0.008133	0.008810	0.013046	0.014243	0.014183	0.013626
"2016-02-03 00:00"	0.000000	0.004188	0.011241	0.016015	0.011111	0.009262	0.009800	0.010575	0.014829	0.016086	0.016014	0.015383
"2016-02-04 00:00"	0.000000	0.003759	0.009756	0.013736	0.009551	0.007964	0.008467	0.009171	0.013410	0.014603	0.014556	0.014003
"2016-02-05 00:00"	0.000000	0.004142	0.011076	0.015757	0.010933	0.009114	0.009644	0.010401	0.014621	0.015836	0.015768	0.015148
"2016-02-06 00:00"	0.000000	0.003863	0.010120	0.014290	0.009922	0.008269	0.008773	0.009484	0.013708	0.014872	0.014813	0.014237
"2016-02-07 00:00"	0.000000	0.003201	0.007906	0.010849	0.007573	0.006321	0.006788	0.007441	0.011781	0.012882	0.012856	0.012385
"2016-02-08 00:00"	0.000000	0.003072	0.007297	0.009695	0.006704	0.005544	0.005936	0.006474	0.010787	0.011789	0.011720	0.011239
"2016-02-09 00:00"	0.000000	0.002699	0.006183	0.008331	0.005824	0.004852	0.005267	0.005843	0.010237	0.011255	0.011235	0.010825
"2016-02-10 00:00"	0.000000	0.002769	0.005868	0.007814	0.005431	0.004498	0.004877	0.005400	0.009804	0.010772	0.010730	0.010314
"2016-02-11 00:00"	0.000000	0.003452	0.008121	0.010846	0.007495	0.006205	0.006610	0.007158	0.011452	0.012449	0.012374	0.011865
"2016-02-12 00:00"	0.000000	0.002955	0.006572	0.008921	0.006242	0.005191	0.005682	0.005997	0.011853	0.012905	0.012880	0.012408
"2016-02-13 00:00"	0.000000	0.002914	0.006147	0.008169	0.005651	0.004646	0.005074	0.005298	0.011160	0.012135	0.012068	0.011578
"2016-02-14 00:00"	0.000000	0.003869	0.009672	0.013722	0.009525	0.007931	0.008433	0.009055	0.013618	0.014717	0.014654	0.014078
"2016-02-15 00:00"	0.000000	0.003820	0.009384	0.013333	0.009255	0.007703	0.008201	0.008797	0.013398	0.014484	0.014424	0.013859
"2016-02-16 00:00"	0.000000	0.003566	0.008524	0.011972	0.008312	0.006909	0.007389	0.007941	0.012651	0.013707	0.013651	0.013118
"2016-02-17 00:00"	0.000000	0.003034	0.006829	0.009210	0.006410	0.005318	0.005765	0.006244	0.011101	0.012100	0.012060	0.011600
"2016-02-18 00:00"	0.000000	0.002664	0.005807	0.007835	0.005483	0.004556	0.005007	0.005486	0.010469	0.011458	0.011435	0.011015
"2016-02-19 00:00"	0.000000	0.003755	0.009194	0.012763	0.008821	0.007305	0.007789	0.008320	0.013077	0.014123	0.014039	0.013461
"2016-02-20 00:00"	0.000000	0.003866	0.009881	0.014102	0.009838	0.008220	0.008793	0.009453	0.014188	0.015334	0.015301	0.014736
"2016-02-21 00:00"	0.000000	0.002961	0.006689	0.008895	0.006150	0.005063	0.005497	0.005918	0.010821	0.011776	0.011709	0.011231
"2016-02-22 00:00"	0.000000	0.004178	0.010971	0.015712	0.010906	0.009081	0.009653	0.010314	0.014927	0.016069	0.015999	0.015368
"2016-02-23 00:00"	0.000000	0.003255	0.007741	0.010546	0.007335	0.006088	0.006576	0.007072	0.011775	0.012786	0.012739	0.012248
"2016-02-24 00:00"	0.000000	0.003731	0.009549	0.013509	0.009424	0.007868	0.008434	0.009075	0.013677	0.014791	0.014759	0.014214
"2016-02-25 00:00"	0.000000	0.002750	0.006016	0.008001	0.005531	0.004541	0.004969	0.005379	0.010190	0.011114	0.011051	0.010600
"2016-02-26 00:00"	0.000000	0.003828	0.009852	0.013700	0.009514	0.007912	0.008450	0.009045	0.013548	0.014621	0.014557	0.013983
"2016-02-27 00:00"	0.000000	0.004236	0.011183	0.016100	0.011179	0.009316	0.009890	0.010536	0.014846	0.015975	0.015915	0.015300
"2016-02-28 00:00"	0.000000	0.004101	0.010821	0.015460	0.010736	0.008941	0.009512	0.010169	0.014585	0.015706	0.015643	0.015032
"2016-02-29 00:00"	0.000000	0.003425	0.008519	0.011742	0.008200	0.006839	0.007372	0.007934	0.012399	0.013447	0.013420	0.012926
"2016-03-01 00:00"	0.000000	0.003039	0.007204	0.009681	0.006730	0.005575	0.006054	0.006543	0.011128	0.012104	0.012057	0.011589
"2016-03-02 00:00"	0.000000	0.002701	0.005970	0.007954	0.005533	0.004568	0.005021	0.005467	0.010127	0.011062	0.011020	0.010593
"2016-03-03 00:00"	0.000000	0.003864	0.009913	0.013791	0.009540	0.007908	0.008424	0.008996	0.013379	0.014420	0.014336	0.013748
"2016-03-04 00:00"	0.000000	0.003093	0.007134	0.009590	0.006674	0.005532	0.006011	0.006493	0.011002	0.011973	0.011932	0.011475
"2016-03-05 00:00"	0.000000	0.003411	0.008275	0.011482	0.007975	0.006618	0.007122	0.007654	0.012086	0.013095	0.013040	0.012529
"2016-03-06 00:00"	0.000000	0.003817	0.009697	0.013768	0.009571	0.007962	0.008527	0.009016	0.013793	0.014872	0.014816	0.014242
"2016-03-07 00:00"	0.000000	0.004164	0.010991	0.015698	0.010896	0.009069	0.009647	0.010285	0.014682	0.015807	0.015741	0.015126
"2016-03-08 00:00"	0.000000	0.003550	0.008884	0.012330	0.008576	0.007129	0.007666	0.008196	0.012742	0.013796	0.013746	0.013215
"2016-03-09 00:00"	0.000000	0.002962	0.006945	0.009375	0.006551	0.005440	0.005960	0.006450	0.011272	0.012295	0.012267	0.011813
"2016-03-10 00:00"	0.000000	0.003356	0.008198	0.011057	0.007649	0.006313	0.006812	0.007264	0.011997	0.013006	0.012928	0.012395
"2016-03-11 00:00"	0.000000	0.003404	0.008433	0.011836	0.008275	0.006866	0.007560	0.007723	0.014676	0.015867	0.015832	0.015246
"2016-03-12 00:00"	0.000000	0.003581	0.009024	0.012476	0.008672	0.007197	0.007762	0.008342	0.013184	0.014295	0.014238	0.013683
"2016-03-13 00:00"	0.000000	0.003237	0.007796	0.010651	0.007369	0.006074	0.006588	0.007097	0.012018	0.013071	0.012996	0.012464
"2016-03-14 00:00"	0.000000	0.003349	0.008233	0.011390	0.007956	0.006621	0.007199	0.007823	0.012697	0.013837	0.013807	0.013298
"2016-03-15 00:00"	0.000000	0.004125	0.010759	0.015175	0.010508	0.008716	0.009295	0.009949	0.014602	0.015778	0.015691	0.015053
"2016-03-16 00:00"	0.000000	0.004095	0.010844	0.015470	0.010743	0.008934	0.009547	0.010296	0.014989	0.016217	0.016150	0.015519
"2016-03-17 00:00"	0.000000	0.003680	0.009493	0.013387	0.009341	0.007788	0.008395	0.009157	0.013875	0.015097	0.015065	0.014509
"2016-03-18 00:00"	0.000000	0.003514	0.008811	0.012138	0.008403	0.006948	0.007474	0.008132	0.012784	0.013921	0.013843	0.013281
"2016-03-19 00:00"	0.000000	0.003380	0.008409	0.011643	0.008089	0.006707	0.007250	0.007967	0.012682	0.013852	0.013797	0.013259
"2016-03-20 00:00"	0.000000	0.003703	0.009596	0.013479	0.009405	0.007843	0.008441	0.009269	0.013951	0.015206	0.015170	0.014606
"2016-03-21 00:00"	0.000000	0.003113	0.007406	0.009840	0.006812	0.005603	0.006124	0.006629	0.012229	0.013380	0.013306	0.012765
"2016-03-22 00:00"	0.000000	0.002649	0.005948	0.007981	0.005589	0.004626	0.005154	0.005815	0.011268	0.012450	0.012422	0.011962
"2016-03-23 00:00"	0.000000	0.002891	0.006636	0.008871	0.006172	0.005097	0.005598	0.006321	0.011463	0.012651	0.012602	0.012113
"2016-03-24 00:00"	0.000000	0.002939	0.006779	0.009048	0.006293	0.005200	0.005699	0.006451	0.011600	0.012809	0.012759	0.012263
"2016-03-25 00:00"	0.000000	0.003781	0.009520	0.013342	0.009228	0.007639	0.008172	0.008986	0.013955	0.015237	0.015151	0.014533
"2016-03-26 00:00"	0.000000	0.004026	0.010399	0.014912	0.010360	0.008624	0.009206	0.010103	0.015007	0.016365	0.016303	0.015671
"2016-03-27 00:00"	0.000000	0.002649	0.005920	0.007997	0.005600	0.004646	0.005143	0.005982	0.011216	0.012482	0.012455	0.011996
"2016-03-28 00:00"	0.000000	0.003693	0.009153	0.012709	0.008794	0.007281	0.007794	0.008663	0.013639	0.014956	0.014874	0.014270
"2016-03-29 00:00"	0.000000	0.004061	0.010537	0.015054	0.010457	0.008702	0.009289	0.010104	0.015407	0.016807	0.016741	0.016090
"2016-03-30 00:00"	0.000000	0.004611	0.012539	0.018212	0.012633	0.010529	0.011136	0.012090	0.016816	0.018278	0.018199	0.017483
"2016-03-31 00:00"	0.000000	0.003384	0.008448	0.011649	0.008106	0.006738	0.007250	0.008126	0.013126	0.014497	0.014447	0.013892
"2016-04-01 00:00"	0.000000	0.004547	0.012438	0.017971	0.012470	0.010398	0.010997	0.011970	0.016641	0.018127	0.018050	0.017341
"2016-04-02 00:00"	0.000000	0.002783	0.006403	0.008712	0.006098	0.005072	0.005555	0.006489	0.011607	0.012991	0.012966	0.012491
"2016-04-03 00:00"	0.000000	0.002940	0.006971	0.009229	0.006389	0.005271	0.005706	0.006578	0.011579	0.012936	0.012874	0.012362
"2016-04-04 00:00"	0.000000	0.003412	0.008516	0.011300	0.007888	0.006544	0.007163	0.007537	0.015040	0.016522	0.016466	0.015835
"2016-04-05 00:00"	0.000000	0.002903	0.006582	0.008725	0.006050	0.004991	0.005439	0.006245	0.011944	0.013352	0.013280	0.012743
"2016-04-06 00:00"	0.000000	0.003420	0.008373	0.011436	0.007910	0.006629	0.006811	0.008989	0.017109	0.018727	0.018651	0.017922
"2016-04-07 00:00"	0.000000	0.004140	0.010929	0.015657	0.010867	0.009066	0.009572	0.010851	0.015812	0.017431	0.017357	0.016676
"2016-04-08 00:00"	0.000000	0.004209	0.011162	0.015976	0.011083	0.009261	0.009718	0.011253	0.016179	0.017848	0.017776	0.017082
"2016-04-09 00:00"	0.000000	0.003841	0.010010	0.014203	0.009860	0.008226	0.008692	0.010056	0.015081	0.016766	0.016701	0.016053
"2016-04-10 00:00"	0.000000	0.002856	0.006599	0.008887	0.006179	0.005143	0.005500	0.006909	0.012112	0.013769	0.013721	0.013194
"2016-04-11 00:00"	0.000000	0.002862	0.006734	0.008983	0.006273	0.005242	0.005615	0.007102	0.012280	0.013992	0.013954	0.013431
"2016-04-12 00:00"	0.000000	0.002989	0.006975	0.009240	0.006397	0.005303	0.005657	0.006987	0.012757	0.014467	0.014385	0.013798
"2016-04-13 00:00"	0.000000	0.002998	0.006982	0.009289	0.006462	0.005438	0.005611	0.007933	0.014313	0.016127	0.016085	0.015483
"2016-04-14 00:00"	0.000000	0.002785	0.006202	0.008231	0.005682	0.004712	0.004970	0.006699	0.012107	0.013904	0.013835	0.013280
"2016-04-15 00:00"	0.000000	0.003502	0.008707	0.011764	0.008164	0.006808	0.007184	0.008695	0.014378	0.016251	0.016181	0.015545
"2016-04-16 00:00"	0.000000	0.004219	0.011249	0.016203	0.011236	0.009400	0.009813	0.011694	0.016835	0.018816	0.018739	0.018007
"2016-04-17 00:00"	0.000000	0.002885	0.006750	0.009149	0.006392	0.005361	0.005681	0.007540	0.012911	0.014885	0.014849	0.014297
"2016-04-18 00:00"	0.000000	0.002578	0.005691	0.007579	0.005260	0.004380	0.004643	0.006501	0.012151	0.014136	0.014080	0.013532
"2016-04-19 00:00"	0.000000	0.002821	0.006379	0.008468	0.005847	0.004844	0.005131	0.006809	0.013205	0.015214	0.015137	0.014528
"2016-04-20 00:00"	0.000000	0.004004	0.010612	0.014909	0.010339	0.008637	0.009058	0.010801	0.016450	0.018559	0.018481	0.017756
"2016-04-21 00:00"	0.000000	0.004045	0.010627	0.015230	0.010567	0.008839	0.009240	0.011036	0.016048	0.018187	0.018115	0.017409
"2016-04-22 00:00"	0.000000	0.004135	0.011078	0.015910	0.011034	0.009227	0.009640	0.011486	0.016439	0.018625	0.018548	0.017822
"2016-04-23 00:00"	0.000000	0.003198	0.007965	0.010982	0.007664	0.006432	0.006783	0.008682	0.013711	0.015923	0.015885	0.015294
"2016-04-24 00:00"	0.000000	0.004124	0.011066	0.015846	0.010967	0.009135	0.009595	0.011003	0.017224	0.019480	0.019393	0.018656
"2016-04-25 00:00"	0.000000	0.003804	0.010064	0.014249	0.009887	0.008268	0.008652	0.010481	0.015351	0.017621	0.017552	0.016869
"2016-04-26 00:00"	0.000000	0.004179	0.011392	0.016264	0.011279	0.009432	0.009857	0.011716	0.016576	0.018903	0.018823	0.018085
"2016-04-27 00:00"	0.000000	0.004310	0.011850	0.016947	0.011764	0.009846	0.010288	0.012054	0.016762	0.019101	0.019028	0.018291
"2016-04-28 00:00"	0.000000	0.003786	0.010160	0.014313	0.009957	0.008343	0.008762	0.010621	0.015434	0.017826	0.017773	0.017102
"2016-04-29 00:00"	0.000000	0.003117	0.007731	0.010535	0.007291	0.006068	0.006382	0.008076	0.013174	0.015531	0.015456	0.014840
"2016-04-30 00:00"	0.000000	0.003366	0.008698	0.011836	0.008245	0.006906	0.007282	0.009042	0.013889	0.016308	0.016257	0.015640
"2016-05-01 00:00"	0.000000	0.003952	0.010626	0.014939	0.010332	0.008611	0.009003	0.010659	0.015389	0.017798	0.017709	0.016999
"2016-05-02 00:00"	0.000000	0.004037	0.010859	0.015376	0.010677	0.008929	0.009362	0.010974	0.015665	0.018101	0.018032	0.017332
"2016-05-03 00:00"	0.000000	0.002756	0.006555	0.008775	0.006120	0.005115	0.005452	0.007154	0.012254	0.014750	0.014706	0.014151
"2016-05-04 00:00"	0.000000	0.003797	0.010109	0.014040	0.009717	0.008089	0.008512	0.010011	0.015503	0.017966	0.017879	0.017164
"2016-05-05 00:00"	0.000000	0.002981	0.007288	0.009868	0.006881	0.005756	0.006120	0.007800	0.012839	0.015376	0.015331	0.014753
"2016-05-06 00:00"	0.000000	0.003658	0.009517	0.013349	0.009231	0.007684	0.008065	0.009659	0.014496	0.017005	0.016920	0.016243
"2016-05-07 00:00"	0.000000	0.004113	0.011044	0.015710	0.010909	0.009121	0.009573	0.011127	0.015805	0.018329	0.018260	0.017553
"2016-05-08 00:00"	0.000000	0.003527	0.009131	0.012749	0.008852	0.007392	0.007785	0.009341	0.014065	0.016598	0.016532	0.015888
"2016-05-09 00:00"	0.000000	0.002944	0.007162	0.009537	0.006623	0.005519	0.005849	0.007408	0.012232	0.014791	0.014734	0.014162
"2016-05-10 00:00"	0.000000	0.003676	0.009637	0.013458	0.009339	0.007798	0.008201	0.009718	0.014345	0.016884	0.016816	0.016159
"2016-05-11 00:00"	0.000000	0.003306	0.008280	0.011336	0.007878	0.006581	0.006945	0.008384	0.013000	0.015538	0.015485	0.014892
"2016-05-12 00:00"	0.000000	0.003496	0.009037	0.012422	0.008642	0.007227	0.007623	0.009087	0.013704	0.016249	0.016192	0.015570
"2016-05-13 00:00"	0.000000	0.003088	0.007679	0.010392	0.007216	0.006017	0.006364	0.007838	0.012571	0.015127	0.015068	0.014482
"2016-05-14 00:00"	0.000000	0.003482	0.008934	0.012352	0.008542	0.007107	0.007465	0.008873	0.013494	0.016013	0.015932	0.015291
"2016-05-15 00:00"	0.000000	0.002743	0.006351	0.008520	0.005922	0.004934	0.005247	0.006656	0.011455	0.014005	0.013958	0.013426
"2016-05-16 00:00"	0.000000	0.002964	0.007059	0.009387	0.006522	0.005436	0.005763	0.007114	0.011849	0.014367	0.014308	0.013747
"2016-05-17 00:00"	0.000000	0.003213	0.007877	0.010572	0.007365	0.006158	0.006527	0.007879	0.012608	0.015120	0.015073	0.014501
"2016-05-18 00:00"	0.000000	0.002703	0.005899	0.007834	0.005425	0.004500	0.004799	0.006065	0.011279	0.013780	0.013722	0.013184
"2016-05-19 00:00"	0.000000	0.003674	0.009315	0.012907	0.008948	0.007461	0.007847	0.009108	0.013843	0.016294	0.016219	0.015574
"2016-05-20 00:00"	0.000000	0.003968	0.010389	0.014805	0.010263	0.008565	0.008995	0.010320	0.015116	0.017583	0.017505	0.016815
"2016-05-21 00:00"	0.000000	0.002953	0.006864	0.009182	0.006407	0.005357	0.005707	0.006932	0.012026	0.014481	0.014439	0.013895
"2016-05-22 00:00"	0.000000	0.003662	0.009399	0.013155	0.009139	0.007634	0.008051	0.009312	0.014349	0.016788	0.016728	0.016084
"2016-05-23 00:00"	0.000000	0.003523	0.008909	0.012445	0.008638	0.007212	0.007598	0.008885	0.013806	0.016232	0.016168	0.015539
"2016-05-24 00:00"	0.000000	0.003758	0.009707	0.013680	0.009461	0.007879	0.008259	0.009510	0.014322	0.016705	0.016620	0.015952
"2016-05-25 00:00"	0.000000	0.002625	0.005952	0.008010	0.005593	0.004680	0.004993	0.006280	0.011333	0.013746	0.013711	0.013200
"2016-05-26 00:00"	0.000000	0.003082	0.007198	0.009540	0.006598	0.005484	0.005779	0.006991	0.011873	0.014223	0.014153	0.013586
"2016-05-27 00:00"	0.000000	0.003899	0.010159	0.014287	0.009914	0.008283	0.008696	0.009974	0.014664	0.017013	0.016943	0.016282
"2016-05-28 00:00"	0.000000	0.003735	0.009591	0.013586	0.009433	0.007883	0.008286	0.009549	0.014210	0.016537	0.016475	0.015837
"2016-05-29 00:00"	0.000000	0.002780	0.006300	0.008408	0.005861	0.004899	0.005211	0.006423	0.011231	0.013543	0.013503	0.012994
"2016-05-30 00:00"	0.000000	0.003371	0.008239	0.011283	0.007800	0.006487	0.006817	0.007985	0.012634	0.014893	0.014815	0.014218
"2016-05-31 00:00"	0.000000	0.003594	0.009122	0.012857	0.008940	0.007476	0.007877	0.009084	0.013693	0.015958	0.015906	0.015300
"2016-06-01 00:00"	0.000000	0.003740	0.009597	0.013560	0.009396	0.007836	0.008228	0.009373	0.013900	0.016112	0.016037	0.015401
"2016-06-02 00:00"	0.000000	0.003931	0.010326	0.014689	0.010193	0.008515	0.008944	0.010095	0.014587	0.016789	0.016722	0.016071
"2016-06-03 00:00"	0.000000	0.002764	0.006364	0.008520	0.005949	0.004976	0.005310	0.006401	0.011142	0.013330	0.013297	0.012802
"2016-06-04 00:00"	0.000000	0.002841	0.006571	0.008737	0.006068	0.005049	0.005382	0.006362	0.011472	0.013614	0.013561	0.013033
"2016-06-05 00:00"	0.000000	0.003146	0.007530	0.009977	0.006919	0.005759	0.006098	0.007093	0.011901	0.014015	0.013955	0.013406
"2016-06-06 00:00"	0.000000	0.003953	0.010142	0.014417	0.009985	0.008323	0.008747	0.009788	0.014478	0.016585	0.016507	0.015849
"2016-06-07 00:00"	0.000000	0.003261	0.007783	0.010661	0.007416	0.006175	0.006605	0.007326	0.013468	0.015536	0.015481	0.014887
"2016-06-08 00:00"	0.000000	0.003483	0.008685	0.012139	0.008423	0.007023	0.007416	0.008423	0.013303	0.015371	0.015307	0.014707
"2016-06-09 00:00"	0.000000	0.003411	0.008422	0.011630	0.008082	0.006735	0.007156	0.007994	0.013661	0.015704	0.015644	0.015037
"2016-06-10 00:00"	0.000000	0.003722	0.009565	0.013460	0.009337	0.007790	0.008202	0.009271	0.014179	0.016232	0.016162	0.015527
"2016-06-11 00:00"	0.000000	0.003385	0.008479	0.011741	0.008170	0.006829	0.007232	0.008302	0.013466	0.015515	0.015469	0.014885
"2016-06-12 00:00"	0.000000	0.002900	0.006817	0.009100	0.006324	0.005271	0.005593	0.006690	0.011836	0.013855	0.013801	0.013265
"2016-06-13 00:00"	0.000000	0.002621	0.005760	0.007678	0.005331	0.004434	0.004723	0.005853	0.011096	0.013106	0.013054	0.012547
"2016-06-14 00:00"	0.000000	0.002554	0.005633	0.007506	0.005211	0.004334	0.004619	0.005779	0.011039	0.013040	0.012989	0.012484
"2016-06-15 00:00"	0.000000	0.002760	0.005720	0.007600	0.005268	0.004371	0.004666	0.005765	0.011463	0.013433	0.013355	0.012808
